2577:(2,2,2,0,2,0,0,1,1,0,0,1,0,1,0,0,3,0,0,0,1,0,0,0):7:0.083333333333333329:{(0,0,0,0;0)>(0,1,0,0;1),(0,0,0,0;0)>(0,0,0,1;1),(0,1,0,0;1)>(0,1,0,1;1),(2,1,0,0;2)>(2,0,0,0;2),(0,0,0,1;1)>(1,0,0,1;1),(0,0,0,1;1)>(0,1,0,1;1),(1,0,0,1;1)>(2,0,0,1;1),(1,0,0,1;1)>(1,1,0,1;1),(2,0,0,1;1)>(2,1,0,1;1),(0,1,0,1;1)>(1,1,0,1;1),(1,1,0,1;1)>(2,1,0,1;1),(2,1,0,1;1)>(2,1,0,0;2)}
2599:(2,2,2,0,2,0,1,1,1,0,0,1,0,1,0,0,3,0,0,0,1,0,0,0):7:0.083333333333333329:{(0,0,0,0;0)>(0,1,0,0;1),(0,0,0,0;0)>(0,0,0,1;1),(0,1,0,0;1)>(0,1,0,1;1),(2,1,0,0;2)>(2,0,0,0;2),(0,0,0,1;1)>(1,0,0,1;1),(0,0,0,1;1)>(0,1,0,1;1),(1,0,0,1;1)>(2,0,0,1;1),(1,0,0,1;1)>(1,1,0,1;1),(2,0,0,1;1)>(2,1,0,1;1),(0,1,0,1;1)>(1,1,0,1;1),(1,1,0,1;1)>(2,1,0,1;1),(2,1,0,1;1)>(2,1,0,0;2)}
2609:(2,2,2,0,2,1,1,1,1,0,0,1,0,1,0,0,3,0,0,0,1,0,0,0):7:0.083333333333333329:{(0,0,0,0;0)>(0,1,0,0;1),(0,0,0,0;0)>(0,0,0,1;1),(0,1,0,0;1)>(0,1,0,1;1),(2,1,0,0;2)>(2,0,0,0;2),(0,0,0,1;1)>(1,0,0,1;1),(0,0,0,1;1)>(0,1,0,1;1),(1,0,0,1;1)>(2,0,0,1;1),(1,0,0,1;1)>(1,1,0,1;1),(2,0,0,1;1)>(2,1,0,1;1),(0,1,0,1;1)>(1,1,0,1;1),(1,1,0,1;1)>(2,1,0,1;1),(2,1,0,1;1)>(2,1,0,0;2)}
2625:(2,2,2,0,2,0,0,2,1,0,0,1,0,1,0,0,3,0,0,0,1,0,0,0):7:0.083333333333333329:{(0,0,0,0;0)>(0,1,0,0;1),(0,0,0,0;0)>(0,0,0,1;1),(0,1,0,0;1)>(0,1,0,1;1),(2,1,0,0;2)>(2,0,0,0;2),(0,0,0,1;1)>(1,0,0,1;1),(0,0,0,1;1)>(0,1,0,1;1),(1,0,0,1;1)>(2,0,0,1;1),(1,0,0,1;1)>(1,1,0,1;1),(2,0,0,1;1)>(2,1,0,1;1),(0,1,0,1;1)>(1,1,0,1;1),(1,1,0,1;1)>(2,1,0,1;1),(2,1,0,1;1)>(2,1,0,0;2)}
2635:(2,2,2,0,2,1,0,2,1,0,0,1,0,1,0,0,3,0,0,0,1,0,0,0):7:0.083333333333333329:{(0,0,0,0;0)>(0,1,0,0;1),(0,0,0,0;0)>(0,0,0,1;1),(0,1,0,0;1)>(0,1,0,1;1),(2,1,0,0;2)>(2,0,0,0;2),(0,0,0,1;1)>(1,0,0,1;1),(0,0,0,1;1)>(0,1,0,1;1),(1,0,0,1;1)>(2,0,0,1;1),(1,0,0,1;1)>(1,1,0,1;1),(2,0,0,1;1)>(2,1,0,1;1),(0,1,0,1;1)>(1,1,0,1;1),(1,1,0,1;1)>(2,1,0,1;1),(2,1,0,1;1)>(2,1,0,0;2)}
2648:(2,2,2,0,2,0,1,2,1,0,0,1,0,1,0,0,3,0,0,0,1,0,0,0):7:0.083333333333333329:{(0,0,0,0;0)>(0,1,0,0;1),(0,0,0,0;0)>(0,0,0,1;1),(0,1,0,0;1)>(0,1,0,1;1),(2,1,0,0;2)>(2,0,0,0;2),(0,0,0,1;1)>(1,0,0,1;1),(0,0,0,1;1)>(0,1,0,1;1),(1,0,0,1;1)>(2,0,0,1;1),(1,0,0,1;1)>(1,1,0,1;1),(2,0,0,1;1)>(2,1,0,1;1),(0,1,0,1;1)>(1,1,0,1;1),(1,1,0,1;1)>(2,1,0,1;1),(2,1,0,1;1)>(2,1,0,0;2)}
2656:(2,2,2,0,2,1,1,2,1,0,0,1,0,1,0,0,3,0,0,0,1,0,0,0):7:0.083333333333333329:{(0,0,0,0;0)>(0,1,0,0;1),(0,0,0,0;0)>(0,0,0,1;1),(0,1,0,0;1)>(0,1,0,1;1),(2,1,0,0;2)>(2,0,0,0;2),(0,0,0,1;1)>(1,0,0,1;1),(0,0,0,1;1)>(0,1,0,1;1),(1,0,0,1;1)>(2,0,0,1;1),(1,0,0,1;1)>(1,1,0,1;1),(2,0,0,1;1)>(2,1,0,1;1),(0,1,0,1;1)>(1,1,0,1;1),(1,1,0,1;1)>(2,1,0,1;1),(2,1,0,1;1)>(2,1,0,0;2)}
2660:(2,2,2,1,2,1,1,2,1,0,0,1,0,1,0,0,3,0,0,0,1,0,0,0):7:0.083333333333333329:{(0,0,0,0;0)>(0,1,0,0;1),(0,0,0,0;0)>(0,0,0,1;1),(0,1,0,0;1)>(0,1,0,1;1),(2,1,0,0;2)>(2,0,0,0;2),(0,0,0,1;1)>(1,0,0,1;1),(0,0,0,1;1)>(0,1,0,1;1),(1,0,0,1;1)>(2,0,0,1;1),(1,0,0,1;1)>(1,1,0,1;1),(2,0,0,1;1)>(2,1,0,1;1),(0,1,0,1;1)>(1,1,0,1;1),(1,1,0,1;1)>(2,1,0,1;1),(2,1,0,1;1)>(2,1,0,0;2)}
2664:(2,2,2,0,2,2,1,2,1,0,0,1,0,1,0,0,3,0,0,0,1,0,0,0):7:0.083333333333333329:{(0,0,0,0;0)>(0,1,0,0;1),(0,0,0,0;0)>(0,0,0,1;1),(0,1,0,0;1)>(0,1,0,1;1),(2,1,0,0;2)>(2,0,0,0;2),(0,0,0,1;1)>(1,0,0,1;1),(0,0,0,1;1)>(0,1,0,1;1),(1,0,0,1;1)>(2,0,0,1;1),(1,0,0,1;1)>(1,1,0,1;1),(2,0,0,1;1)>(2,1,0,1;1),(0,1,0,1;1)>(1,1,0,1;1),(1,1,0,1;1)>(2,1,0,1;1),(2,1,0,1;1)>(2,1,0,0;2)}
2670:(2,2,2,0,2,0,2,2,1,0,0,1,0,1,0,0,3,0,0,0,1,0,0,0):7:0.083333333333333329:{(0,0,0,0;0)>(0,1,0,0;1),(0,0,0,0;0)>(0,0,0,1;1),(0,1,0,0;1)>(0,1,0,1;1),(2,1,0,0;2)>(2,0,0,0;2),(0,0,0,1;1)>(1,0,0,1;1),(0,0,0,1;1)>(0,1,0,1;1),(1,0,0,1;1)>(2,0,0,1;1),(1,0,0,1;1)>(1,1,0,1;1),(2,0,0,1;1)>(2,1,0,1;1),(0,1,0,1;1)>(1,1,0,1;1),(1,1,0,1;1)>(2,1,0,1;1),(2,1,0,1;1)>(2,1,0,0;2)}
2674:(2,2,2,0,2,1,2,2,1,0,0,1,0,1,0,0,3,0,0,0,1,0,0,0):7:0.083333333333333329:{(0,0,0,0;0)>(0,1,0,0;1),(0,0,0,0;0)>(0,0,0,1;1),(0,1,0,0;1)>(0,1,0,1;1),(2,1,0,0;2)>(2,0,0,0;2),(0,0,0,1;1)>(1,0,0,1;1),(0,0,0,1;1)>(0,1,0,1;1),(1,0,0,1;1)>(2,0,0,1;1),(1,0,0,1;1)>(1,1,0,1;1),(2,0,0,1;1)>(2,1,0,1;1),(0,1,0,1;1)>(1,1,0,1;1),(1,1,0,1;1)>(2,1,0,1;1),(2,1,0,1;1)>(2,1,0,0;2)}
2676:(2,2,2,1,2,1,2,2,1,0,0,1,0,1,0,0,3,0,0,0,1,0,0,0):7:0.083333333333333329:{(0,0,0,0;0)>(0,1,0,0;1),(0,0,0,0;0)>(0,0,0,1;1),(0,1,0,0;1)>(0,1,0,1;1),(2,1,0,0;2)>(2,0,0,0;2),(0,0,0,1;1)>(1,0,0,1;1),(0,0,0,1;1)>(0,1,0,1;1),(1,0,0,1;1)>(2,0,0,1;1),(1,0,0,1;1)>(1,1,0,1;1),(2,0,0,1;1)>(2,1,0,1;1),(0,1,0,1;1)>(1,1,0,1;1),(1,1,0,1;1)>(2,1,0,1;1),(2,1,0,1;1)>(2,1,0,0;2)}
2678:(2,2,2,0,2,2,2,2,1,0,0,1,0,1,0,0,3,0,0,0,1,0,0,0):7:0.083333333333333329:{(0,0,0,0;0)>(0,1,0,0;1),(0,0,0,0;0)>(0,0,0,1;1),(0,1,0,0;1)>(0,1,0,1;1),(2,1,0,0;2)>(2,0,0,0;2),(0,0,0,1;1)>(1,0,0,1;1),(0,0,0,1;1)>(0,1,0,1;1),(1,0,0,1;1)>(2,0,0,1;1),(1,0,0,1;1)>(1,1,0,1;1),(2,0,0,1;1)>(2,1,0,1;1),(0,1,0,1;1)>(1,1,0,1;1),(1,1,0,1;1)>(2,1,0,1;1),(2,1,0,1;1)>(2,1,0,0;2)}
2679:(2,2,2,1,2,2,2,2,1,0,0,1,0,1,0,0,3,0,0,0,1,0,0,0):7:0.083333333333333329:{(0,0,0,0;0)>(0,1,0,0;1),(0,0,0,0;0)>(0,0,0,1;1),(0,1,0,0;1)>(0,1,0,1;1),(2,1,0,0;2)>(2,0,0,0;2),(0,0,0,1;1)>(1,0,0,1;1),(0,0,0,1;1)>(0,1,0,1;1),(1,0,0,1;1)>(2,0,0,1;1),(1,0,0,1;1)>(1,1,0,1;1),(2,0,0,1;1)>(2,1,0,1;1),(0,1,0,1;1)>(1,1,0,1;1),(1,1,0,1;1)>(2,1,0,1;1),(2,1,0,1;1)>(2,1,0,0;2)}
2979:(2,2,2,0,2,0,0,1,1,0,0,1,0,1,1,0,3,0,0,0,1,0,0,0):7:0.083333333333333329:{(0,0,0,0;0)>(0,1,0,0;1),(0,0,0,0;0)>(0,0,0,1;1),(0,1,0,0;1)>(0,1,0,1;1),(2,1,0,0;2)>(2,0,0,0;2),(0,0,0,1;1)>(1,0,0,1;1),(0,0,0,1;1)>(0,1,0,1;1),(1,0,0,1;1)>(2,0,0,1;1),(1,0,0,1;1)>(1,1,0,1;1),(2,0,0,1;1)>(2,1,0,1;1),(0,1,0,1;1)>(1,1,0,1;1),(1,1,0,1;1)>(2,1,0,1;1),(2,1,0,1;1)>(2,1,0,0;2)}
3001:(2,2,2,0,2,0,1,1,1,0,0,1,0,1,1,0,3,0,0,0,1,0,0,0):7:0.083333333333333329:{(0,0,0,0;0)>(0,1,0,0;1),(0,0,0,0;0)>(0,0,0,1;1),(0,1,0,0;1)>(0,1,0,1;1),(2,1,0,0;2)>(2,0,0,0;2),(0,0,0,1;1)>(1,0,0,1;1),(0,0,0,1;1)>(0,1,0,1;1),(1,0,0,1;1)>(2,0,0,1;1),(1,0,0,1;1)>(1,1,0,1;1),(2,0,0,1;1)>(2,1,0,1;1),(0,1,0,1;1)>(1,1,0,1;1),(1,1,0,1;1)>(2,1,0,1;1),(2,1,0,1;1)>(2,1,0,0;2)}
3011:(2,2,2,0,2,1,1,1,1,0,0,1,0,1,1,0,3,0,0,0,1,0,0,0):7:0.083333333333333329:{(0,0,0,0;0)>(0,1,0,0;1),(0,0,0,0;0)>(0,0,0,1;1),(0,1,0,0;1)>(0,1,0,1;1),(2,1,0,0;2)>(2,0,0,0;2),(0,0,0,1;1)>(1,0,0,1;1),(0,0,0,1;1)>(0,1,0,1;1),(1,0,0,1;1)>(2,0,0,1;1),(1,0,0,1;1)>(1,1,0,1;1),(2,0,0,1;1)>(2,1,0,1;1),(0,1,0,1;1)>(1,1,0,1;1),(1,1,0,1;1)>(2,1,0,1;1),(2,1,0,1;1)>(2,1,0,0;2)}
3027:(2,2,2,0,2,0,0,2,1,0,0,1,0,1,1,0,3,0,0,0,1,0,0,0):7:0.083333333333333329:{(0,0,0,0;0)>(0,1,0,0;1),(0,0,0,0;0)>(0,0,0,1;1),(0,1,0,0;1)>(0,1,0,1;1),(2,1,0,0;2)>(2,0,0,0;2),(0,0,0,1;1)>(1,0,0,1;1),(0,0,0,1;1)>(0,1,0,1;1),(1,0,0,1;1)>(2,0,0,1;1),(1,0,0,1;1)>(1,1,0,1;1),(2,0,0,1;1)>(2,1,0,1;1),(0,1,0,1;1)>(1,1,0,1;1),(1,1,0,1;1)>(2,1,0,1;1),(2,1,0,1;1)>(2,1,0,0;2)}
3037:(2,2,2,0,2,1,0,2,1,0,0,1,0,1,1,0,3,0,0,0,1,0,0,0):7:0.083333333333333329:{(0,0,0,0;0)>(0,1,0,0;1),(0,0,0,0;0)>(0,0,0,1;1),(0,1,0,0;1)>(0,1,0,1;1),(2,1,0,0;2)>(2,0,0,0;2),(0,0,0,1;1)>(1,0,0,1;1),(0,0,0,1;1)>(0,1,0,1;1),(1,0,0,1;1)>(2,0,0,1;1),(1,0,0,1;1)>(1,1,0,1;1),(2,0,0,1;1)>(2,1,0,1;1),(0,1,0,1;1)>(1,1,0,1;1),(1,1,0,1;1)>(2,1,0,1;1),(2,1,0,1;1)>(2,1,0,0;2)}
3050:(2,2,2,0,2,0,1,2,1,0,0,1,0,1,1,0,3,0,0,0,1,0,0,0):7:0.083333333333333329:{(0,0,0,0;0)>(0,1,0,0;1),(0,0,0,0;0)>(0,0,0,1;1),(0,1,0,0;1)>(0,1,0,1;1),(2,1,0,0;2)>(2,0,0,0;2),(0,0,0,1;1)>(1,0,0,1;1),(0,0,0,1;1)>(0,1,0,1;1),(1,0,0,1;1)>(2,0,0,1;1),(1,0,0,1;1)>(1,1,0,1;1),(2,0,0,1;1)>(2,1,0,1;1),(0,1,0,1;1)>(1,1,0,1;1),(1,1,0,1;1)>(2,1,0,1;1),(2,1,0,1;1)>(2,1,0,0;2)}
3058:(2,2,2,0,2,1,1,2,1,0,0,1,0,1,1,0,3,0,0,0,1,0,0,0):7:0.083333333333333329:{(0,0,0,0;0)>(0,1,0,0;1),(0,0,0,0;0)>(0,0,0,1;1),(0,1,0,0;1)>(0,1,0,1;1),(2,1,0,0;2)>(2,0,0,0;2),(0,0,0,1;1)>(1,0,0,1;1),(0,0,0,1;1)>(0,1,0,1;1),(1,0,0,1;1)>(2,0,0,1;1),(1,0,0,1;1)>(1,1,0,1;1),(2,0,0,1;1)>(2,1,0,1;1),(0,1,0,1;1)>(1,1,0,1;1),(1,1,0,1;1)>(2,1,0,1;1),(2,1,0,1;1)>(2,1,0,0;2)}
3062:(2,2,2,1,2,1,1,2,1,0,0,1,0,1,1,0,3,0,0,0,1,0,0,0):7:0.083333333333333329:{(0,0,0,0;0)>(0,1,0,0;1),(0,0,0,0;0)>(0,0,0,1;1),(0,1,0,0;1)>(0,1,0,1;1),(2,1,0,0;2)>(2,0,0,0;2),(0,0,0,1;1)>(1,0,0,1;1),(0,0,0,1;1)>(0,1,0,1;1),(1,0,0,1;1)>(2,0,0,1;1),(1,0,0,1;1)>(1,1,0,1;1),(2,0,0,1;1)>(2,1,0,1;1),(0,1,0,1;1)>(1,1,0,1;1),(1,1,0,1;1)>(2,1,0,1;1),(2,1,0,1;1)>(2,1,0,0;2)}
3066:(2,2,2,0,2,2,1,2,1,0,0,1,0,1,1,0,3,0,0,0,1,0,0,0):7:0.083333333333333329:{(0,0,0,0;0)>(0,1,0,0;1),(0,0,0,0;0)>(0,0,0,1;1),(0,1,0,0;1)>(0,1,0,1;1),(2,1,0,0;2)>(2,0,0,0;2),(0,0,0,1;1)>(1,0,0,1;1),(0,0,0,1;1)>(0,1,0,1;1),(1,0,0,1;1)>(2,0,0,1;1),(1,0,0,1;1)>(1,1,0,1;1),(2,0,0,1;1)>(2,1,0,1;1),(0,1,0,1;1)>(1,1,0,1;1),(1,1,0,1;1)>(2,1,0,1;1),(2,1,0,1;1)>(2,1,0,0;2)}
3072:(2,2,2,0,2,0,2,2,1,0,0,1,0,1,1,0,3,0,0,0,1,0,0,0):7:0.083333333333333329:{(0,0,0,0;0)>(0,1,0,0;1),(0,0,0,0;0)>(0,0,0,1;1),(0,1,0,0;1)>(0,1,0,1;1),(2,1,0,0;2)>(2,0,0,0;2),(0,0,0,1;1)>(1,0,0,1;1),(0,0,0,1;1)>(0,1,0,1;1),(1,0,0,1;1)>(2,0,0,1;1),(1,0,0,1;1)>(1,1,0,1;1),(2,0,0,1;1)>(2,1,0,1;1),(0,1,0,1;1)>(1,1,0,1;1),(1,1,0,1;1)>(2,1,0,1;1),(2,1,0,1;1)>(2,1,0,0;2)}
3076:(2,2,2,0,2,1,2,2,1,0,0,1,0,1,1,0,3,0,0,0,1,0,0,0):7:0.083333333333333329:{(0,0,0,0;0)>(0,1,0,0;1),(0,0,0,0;0)>(0,0,0,1;1),(0,1,0,0;1)>(0,1,0,1;1),(2,1,0,0;2)>(2,0,0,0;2),(0,0,0,1;1)>(1,0,0,1;1),(0,0,0,1;1)>(0,1,0,1;1),(1,0,0,1;1)>(2,0,0,1;1),(1,0,0,1;1)>(1,1,0,1;1),(2,0,0,1;1)>(2,1,0,1;1),(0,1,0,1;1)>(1,1,0,1;1),(1,1,0,1;1)>(2,1,0,1;1),(2,1,0,1;1)>(2,1,0,0;2)}
3078:(2,2,2,1,2,1,2,2,1,0,0,1,0,1,1,0,3,0,0,0,1,0,0,0):7:0.083333333333333329:{(0,0,0,0;0)>(0,1,0,0;1),(0,0,0,0;0)>(0,0,0,1;1),(0,1,0,0;1)>(0,1,0,1;1),(2,1,0,0;2)>(2,0,0,0;2),(0,0,0,1;1)>(1,0,0,1;1),(0,0,0,1;1)>(0,1,0,1;1),(1,0,0,1;1)>(2,0,0,1;1),(1,0,0,1;1)>(1,1,0,1;1),(2,0,0,1;1)>(2,1,0,1;1),(0,1,0,1;1)>(1,1,0,1;1),(1,1,0,1;1)>(2,1,0,1;1),(2,1,0,1;1)>(2,1,0,0;2)}
3080:(2,2,2,0,2,2,2,2,1,0,0,1,0,1,1,0,3,0,0,0,1,0,0,0):7:0.083333333333333329:{(0,0,0,0;0)>(0,1,0,0;1),(0,0,0,0;0)>(0,0,0,1;1),(0,1,0,0;1)>(0,1,0,1;1),(2,1,0,0;2)>(2,0,0,0;2),(0,0,0,1;1)>(1,0,0,1;1),(0,0,0,1;1)>(0,1,0,1;1),(1,0,0,1;1)>(2,0,0,1;1),(1,0,0,1;1)>(1,1,0,1;1),(2,0,0,1;1)>(2,1,0,1;1),(0,1,0,1;1)>(1,1,0,1;1),(1,1,0,1;1)>(2,1,0,1;1),(2,1,0,1;1)>(2,1,0,0;2)}
3081:(2,2,2,1,2,2,2,2,1,0,0,1,0,1,1,0,3,0,0,0,1,0,0,0):7:0.083333333333333329:{(0,0,0,0;0)>(0,1,0,0;1),(0,0,0,0;0)>(0,0,0,1;1),(0,1,0,0;1)>(0,1,0,1;1),(2,1,0,0;2)>(2,0,0,0;2),(0,0,0,1;1)>(1,0,0,1;1),(0,0,0,1;1)>(0,1,0,1;1),(1,0,0,1;1)>(2,0,0,1;1),(1,0,0,1;1)>(1,1,0,1;1),(2,0,0,1;1)>(2,1,0,1;1),(0,1,0,1;1)>(1,1,0,1;1),(1,1,0,1;1)>(2,1,0,1;1),(2,1,0,1;1)>(2,1,0,0;2)}
3247:(2,2,2,0,2,0,0,1,1,0,1,1,0,1,1,0,3,0,0,0,1,0,0,0):7:0.083333333333333329:{(0,0,0,0;0)>(0,1,0,0;1),(0,0,0,0;0)>(0,0,0,1;1),(0,1,0,0;1)>(0,1,0,1;1),(2,1,0,0;2)>(2,0,0,0;2),(0,0,0,1;1)>(1,0,0,1;1),(0,0,0,1;1)>(0,1,0,1;1),(1,0,0,1;1)>(2,0,0,1;1),(1,0,0,1;1)>(1,1,0,1;1),(2,0,0,1;1)>(2,1,0,1;1),(0,1,0,1;1)>(1,1,0,1;1),(1,1,0,1;1)>(2,1,0,1;1),(2,1,0,1;1)>(2,1,0,0;2)}
3269:(2,2,2,0,2,0,1,1,1,0,1,1,0,1,1,0,3,0,0,0,1,0,0,0):7:0.083333333333333329:{(0,0,0,0;0)>(0,1,0,0;1),(0,0,0,0;0)>(0,0,0,1;1),(0,1,0,0;1)>(0,1,0,1;1),(2,1,0,0;2)>(2,0,0,0;2),(0,0,0,1;1)>(1,0,0,1;1),(0,0,0,1;1)>(0,1,0,1;1),(1,0,0,1;1)>(2,0,0,1;1),(1,0,0,1;1)>(1,1,0,1;1),(2,0,0,1;1)>(2,1,0,1;1),(0,1,0,1;1)>(1,1,0,1;1),(1,1,0,1;1)>(2,1,0,1;1),(2,1,0,1;1)>(2,1,0,0;2)}
3279:(2,2,2,0,2,1,1,1,1,0,1,1,0,1,1,0,3,0,0,0,1,0,0,0):7:0.083333333333333329:{(0,0,0,0;0)>(0,1,0,0;1),(0,0,0,0;0)>(0,0,0,1;1),(0,1,0,0;1)>(0,1,0,1;1),(2,1,0,0;2)>(2,0,0,0;2),(0,0,0,1;1)>(1,0,0,1;1),(0,0,0,1;1)>(0,1,0,1;1),(1,0,0,1;1)>(2,0,0,1;1),(1,0,0,1;1)>(1,1,0,1;1),(2,0,0,1;1)>(2,1,0,1;1),(0,1,0,1;1)>(1,1,0,1;1),(1,1,0,1;1)>(2,1,0,1;1),(2,1,0,1;1)>(2,1,0,0;2)}
3295:(2,2,2,0,2,0,0,2,1,0,1,1,0,1,1,0,3,0,0,0,1,0,0,0):7:0.083333333333333329:{(0,0,0,0;0)>(0,1,0,0;1),(0,0,0,0;0)>(0,0,0,1;1),(0,1,0,0;1)>(0,1,0,1;1),(2,1,0,0;2)>(2,0,0,0;2),(0,0,0,1;1)>(1,0,0,1;1),(0,0,0,1;1)>(0,1,0,1;1),(1,0,0,1;1)>(2,0,0,1;1),(1,0,0,1;1)>(1,1,0,1;1),(2,0,0,1;1)>(2,1,0,1;1),(0,1,0,1;1)>(1,1,0,1;1),(1,1,0,1;1)>(2,1,0,1;1),(2,1,0,1;1)>(2,1,0,0;2)}
3305:(2,2,2,0,2,1,0,2,1,0,1,1,0,1,1,0,3,0,0,0,1,0,0,0):7:0.083333333333333329:{(0,0,0,0;0)>(0,1,0,0;1),(0,0,0,0;0)>(0,0,0,1;1),(0,1,0,0;1)>(0,1,0,1;1),(2,1,0,0;2)>(2,0,0,0;2),(0,0,0,1;1)>(1,0,0,1;1),(0,0,0,1;1)>(0,1,0,1;1),(1,0,0,1;1)>(2,0,0,1;1),(1,0,0,1;1)>(1,1,0,1;1),(2,0,0,1;1)>(2,1,0,1;1),(0,1,0,1;1)>(1,1,0,1;1),(1,1,0,1;1)>(2,1,0,1;1),(2,1,0,1;1)>(2,1,0,0;2)}
3318:(2,2,2,0,2,0,1,2,1,0,1,1,0,1,1,0,3,0,0,0,1,0,0,0):7:0.083333333333333329:{(0,0,0,0;0)>(0,1,0,0;1),(0,0,0,0;0)>(0,0,0,1;1),(0,1,0,0;1)>(0,1,0,1;1),(2,1,0,0;2)>(2,0,0,0;2),(0,0,0,1;1)>(1,0,0,1;1),(0,0,0,1;1)>(0,1,0,1;1),(1,0,0,1;1)>(2,0,0,1;1),(1,0,0,1;1)>(1,1,0,1;1),(2,0,0,1;1)>(2,1,0,1;1),(0,1,0,1;1)>(1,1,0,1;1),(1,1,0,1;1)>(2,1,0,1;1),(2,1,0,1;1)>(2,1,0,0;2)}
3326:(2,2,2,0,2,1,1,2,1,0,1,1,0,1,1,0,3,0,0,0,1,0,0,0):7:0.083333333333333329:{(0,0,0,0;0)>(0,1,0,0;1),(0,0,0,0;0)>(0,0,0,1;1),(0,1,0,0;1)>(0,1,0,1;1),(2,1,0,0;2)>(2,0,0,0;2),(0,0,0,1;1)>(1,0,0,1;1),(0,0,0,1;1)>(0,1,0,1;1),(1,0,0,1;1)>(2,0,0,1;1),(1,0,0,1;1)>(1,1,0,1;1),(2,0,0,1;1)>(2,1,0,1;1),(0,1,0,1;1)>(1,1,0,1;1),(1,1,0,1;1)>(2,1,0,1;1),(2,1,0,1;1)>(2,1,0,0;2)}
3330:(2,2,2,1,2,1,1,2,1,0,1,1,0,1,1,0,3,0,0,0,1,0,0,0):7:0.083333333333333329:{(0,0,0,0;0)>(0,1,0,0;1),(0,0,0,0;0)>(0,0,0,1;1),(0,1,0,0;1)>(0,1,0,1;1),(2,1,0,0;2)>(2,0,0,0;2),(0,0,0,1;1)>(1,0,0,1;1),(0,0,0,1;1)>(0,1,0,1;1),(1,0,0,1;1)>(2,0,0,1;1),(1,0,0,1;1)>(1,1,0,1;1),(2,0,0,1;1)>(2,1,0,1;1),(0,1,0,1;1)>(1,1,0,1;1),(1,1,0,1;1)>(2,1,0,1;1),(2,1,0,1;1)>(2,1,0,0;2)}
3334:(2,2,2,0,2,2,1,2,1,0,1,1,0,1,1,0,3,0,0,0,1,0,0,0):7:0.083333333333333329:{(0,0,0,0;0)>(0,1,0,0;1),(0,0,0,0;0)>(0,0,0,1;1),(0,1,0,0;1)>(0,1,0,1;1),(2,1,0,0;2)>(2,0,0,0;2),(0,0,0,1;1)>(1,0,0,1;1),(0,0,0,1;1)>(0,1,0,1;1),(1,0,0,1;1)>(2,0,0,1;1),(1,0,0,1;1)>(1,1,0,1;1),(2,0,0,1;1)>(2,1,0,1;1),(0,1,0,1;1)>(1,1,0,1;1),(1,1,0,1;1)>(2,1,0,1;1),(2,1,0,1;1)>(2,1,0,0;2)}
3340:(2,2,2,0,2,0,2,2,1,0,1,1,0,1,1,0,3,0,0,0,1,0,0,0):7:0.083333333333333329:{(0,0,0,0;0)>(0,1,0,0;1),(0,0,0,0;0)>(0,0,0,1;1),(0,1,0,0;1)>(0,1,0,1;1),(2,1,0,0;2)>(2,0,0,0;2),(0,0,0,1;1)>(1,0,0,1;1),(0,0,0,1;1)>(0,1,0,1;1),(1,0,0,1;1)>(2,0,0,1;1),(1,0,0,1;1)>(1,1,0,1;1),(2,0,0,1;1)>(2,1,0,1;1),(0,1,0,1;1)>(1,1,0,1;1),(1,1,0,1;1)>(2,1,0,1;1),(2,1,0,1;1)>(2,1,0,0;2)}
3344:(2,2,2,0,2,1,2,2,1,0,1,1,0,1,1,0,3,0,0,0,1,0,0,0):7:0.083333333333333329:{(0,0,0,0;0)>(0,1,0,0;1),(0,0,0,0;0)>(0,0,0,1;1),(0,1,0,0;1)>(0,1,0,1;1),(2,1,0,0;2)>(2,0,0,0;2),(0,0,0,1;1)>(1,0,0,1;1),(0,0,0,1;1)>(0,1,0,1;1),(1,0,0,1;1)>(2,0,0,1;1),(1,0,0,1;1)>(1,1,0,1;1),(2,0,0,1;1)>(2,1,0,1;1),(0,1,0,1;1)>(1,1,0,1;1),(1,1,0,1;1)>(2,1,0,1;1),(2,1,0,1;1)>(2,1,0,0;2)}
3346:(2,2,2,1,2,1,2,2,1,0,1,1,0,1,1,0,3,0,0,0,1,0,0,0):7:0.083333333333333329:{(0,0,0,0;0)>(0,1,0,0;1),(0,0,0,0;0)>(0,0,0,1;1),(0,1,0,0;1)>(0,1,0,1;1),(2,1,0,0;2)>(2,0,0,0;2),(0,0,0,1;1)>(1,0,0,1;1),(0,0,0,1;1)>(0,1,0,1;1),(1,0,0,1;1)>(2,0,0,1;1),(1,0,0,1;1)>(1,1,0,1;1),(2,0,0,1;1)>(2,1,0,1;1),(0,1,0,1;1)>(1,1,0,1;1),(1,1,0,1;1)>(2,1,0,1;1),(2,1,0,1;1)>(2,1,0,0;2)}
3348:(2,2,2,0,2,2,2,2,1,0,1,1,0,1,1,0,3,0,0,0,1,0,0,0):7:0.083333333333333329:{(0,0,0,0;0)>(0,1,0,0;1),(0,0,0,0;0)>(0,0,0,1;1),(0,1,0,0;1)>(0,1,0,1;1),(2,1,0,0;2)>(2,0,0,0;2),(0,0,0,1;1)>(1,0,0,1;1),(0,0,0,1;1)>(0,1,0,1;1),(1,0,0,1;1)>(2,0,0,1;1),(1,0,0,1;1)>(1,1,0,1;1),(2,0,0,1;1)>(2,1,0,1;1),(0,1,0,1;1)>(1,1,0,1;1),(1,1,0,1;1)>(2,1,0,1;1),(2,1,0,1;1)>(2,1,0,0;2)}
3349:(2,2,2,1,2,2,2,2,1,0,1,1,0,1,1,0,3,0,0,0,1,0,0,0):7:0.083333333333333329:{(0,0,0,0;0)>(0,1,0,0;1),(0,0,0,0;0)>(0,0,0,1;1),(0,1,0,0;1)>(0,1,0,1;1),(2,1,0,0;2)>(2,0,0,0;2),(0,0,0,1;1)>(1,0,0,1;1),(0,0,0,1;1)>(0,1,0,1;1),(1,0,0,1;1)>(2,0,0,1;1),(1,0,0,1;1)>(1,1,0,1;1),(2,0,0,1;1)>(2,1,0,1;1),(0,1,0,1;1)>(1,1,0,1;1),(1,1,0,1;1)>(2,1,0,1;1),(2,1,0,1;1)>(2,1,0,0;2)}
3381:(2,2,2,0,2,0,0,1,1,0,0,1,0,1,1,1,3,0,0,0,1,0,0,0):7:0.083333333333333329:{(0,0,0,0;0)>(0,1,0,0;1),(0,0,0,0;0)>(0,0,0,1;1),(0,1,0,0;1)>(0,1,0,1;1),(2,1,0,0;2)>(2,0,0,0;2),(0,0,0,1;1)>(1,0,0,1;1),(0,0,0,1;1)>(0,1,0,1;1),(1,0,0,1;1)>(2,0,0,1;1),(1,0,0,1;1)>(1,1,0,1;1),(2,0,0,1;1)>(2,1,0,1;1),(0,1,0,1;1)>(1,1,0,1;1),(1,1,0,1;1)>(2,1,0,1;1),(2,1,0,1;1)>(2,1,0,0;2)}
3403:(2,2,2,0,2,0,1,1,1,0,0,1,0,1,1,1,3,0,0,0,1,0,0,0):7:0.083333333333333329:{(0,0,0,0;0)>(0,1,0,0;1),(0,0,0,0;0)>(0,0,0,1;1),(0,1,0,0;1)>(0,1,0,1;1),(2,1,0,0;2)>(2,0,0,0;2),(0,0,0,1;1)>(1,0,0,1;1),(0,0,0,1;1)>(0,1,0,1;1),(1,0,0,1;1)>(2,0,0,1;1),(1,0,0,1;1)>(1,1,0,1;1),(2,0,0,1;1)>(2,1,0,1;1),(0,1,0,1;1)>(1,1,0,1;1),(1,1,0,1;1)>(2,1,0,1;1),(2,1,0,1;1)>(2,1,0,0;2)}
3413:(2,2,2,0,2,1,1,1,1,0,0,1,0,1,1,1,3,0,0,0,1,0,0,0):7:0.083333333333333329:{(0,0,0,0;0)>(0,1,0,0;1),(0,0,0,0;0)>(0,0,0,1;1),(0,1,0,0;1)>(0,1,0,1;1),(2,1,0,0;2)>(2,0,0,0;2),(0,0,0,1;1)>(1,0,0,1;1),(0,0,0,1;1)>(0,1,0,1;1),(1,0,0,1;1)>(2,0,0,1;1),(1,0,0,1;1)>(1,1,0,1;1),(2,0,0,1;1)>(2,1,0,1;1),(0,1,0,1;1)>(1,1,0,1;1),(1,1,0,1;1)>(2,1,0,1;1),(2,1,0,1;1)>(2,1,0,0;2)}
3429:(2,2,2,0,2,0,0,2,1,0,0,1,0,1,1,1,3,0,0,0,1,0,0,0):7:0.083333333333333329:{(0,0,0,0;0)>(0,1,0,0;1),(0,0,0,0;0)>(0,0,0,1;1),(0,1,0,0;1)>(0,1,0,1;1),(2,1,0,0;2)>(2,0,0,0;2),(0,0,0,1;1)>(1,0,0,1;1),(0,0,0,1;1)>(0,1,0,1;1),(1,0,0,1;1)>(2,0,0,1;1),(1,0,0,1;1)>(1,1,0,1;1),(2,0,0,1;1)>(2,1,0,1;1),(0,1,0,1;1)>(1,1,0,1;1),(1,1,0,1;1)>(2,1,0,1;1),(2,1,0,1;1)>(2,1,0,0;2)}
3439:(2,2,2,0,2,1,0,2,1,0,0,1,0,1,1,1,3,0,0,0,1,0,0,0):7:0.083333333333333329:{(0,0,0,0;0)>(0,1,0,0;1),(0,0,0,0;0)>(0,0,0,1;1),(0,1,0,0;1)>(0,1,0,1;1),(2,1,0,0;2)>(2,0,0,0;2),(0,0,0,1;1)>(1,0,0,1;1),(0,0,0,1;1)>(0,1,0,1;1),(1,0,0,1;1)>(2,0,0,1;1),(1,0,0,1;1)>(1,1,0,1;1),(2,0,0,1;1)>(2,1,0,1;1),(0,1,0,1;1)>(1,1,0,1;1),(1,1,0,1;1)>(2,1,0,1;1),(2,1,0,1;1)>(2,1,0,0;2)}
3452:(2,2,2,0,2,0,1,2,1,0,0,1,0,1,1,1,3,0,0,0,1,0,0,0):7:0.083333333333333329:{(0,0,0,0;0)>(0,1,0,0;1),(0,0,0,0;0)>(0,0,0,1;1),(0,1,0,0;1)>(0,1,0,1;1),(2,1,0,0;2)>(2,0,0,0;2),(0,0,0,1;1)>(1,0,0,1;1),(0,0,0,1;1)>(0,1,0,1;1),(1,0,0,1;1)>(2,0,0,1;1),(1,0,0,1;1)>(1,1,0,1;1),(2,0,0,1;1)>(2,1,0,1;1),(0,1,0,1;1)>(1,1,0,1;1),(1,1,0,1;1)>(2,1,0,1;1),(2,1,0,1;1)>(2,1,0,0;2)}
3460:(2,2,2,0,2,1,1,2,1,0,0,1,0,1,1,1,3,0,0,0,1,0,0,0):7:0.083333333333333329:{(0,0,0,0;0)>(0,1,0,0;1),(0,0,0,0;0)>(0,0,0,1;1),(0,1,0,0;1)>(0,1,0,1;1),(2,1,0,0;2)>(2,0,0,0;2),(0,0,0,1;1)>(1,0,0,1;1),(0,0,0,1;1)>(0,1,0,1;1),(1,0,0,1;1)>(2,0,0,1;1),(1,0,0,1;1)>(1,1,0,1;1),(2,0,0,1;1)>(2,1,0,1;1),(0,1,0,1;1)>(1,1,0,1;1),(1,1,0,1;1)>(2,1,0,1;1),(2,1,0,1;1)>(2,1,0,0;2)}
3464:(2,2,2,1,2,1,1,2,1,0,0,1,0,1,1,1,3,0,0,0,1,0,0,0):7:0.083333333333333329:{(0,0,0,0;0)>(0,1,0,0;1),(0,0,0,0;0)>(0,0,0,1;1),(0,1,0,0;1)>(0,1,0,1;1),(2,1,0,0;2)>(2,0,0,0;2),(0,0,0,1;1)>(1,0,0,1;1),(0,0,0,1;1)>(0,1,0,1;1),(1,0,0,1;1)>(2,0,0,1;1),(1,0,0,1;1)>(1,1,0,1;1),(2,0,0,1;1)>(2,1,0,1;1),(0,1,0,1;1)>(1,1,0,1;1),(1,1,0,1;1)>(2,1,0,1;1),(2,1,0,1;1)>(2,1,0,0;2)}
3468:(2,2,2,0,2,2,1,2,1,0,0,1,0,1,1,1,3,0,0,0,1,0,0,0):7:0.083333333333333329:{(0,0,0,0;0)>(0,1,0,0;1),(0,0,0,0;0)>(0,0,0,1;1),(0,1,0,0;1)>(0,1,0,1;1),(2,1,0,0;2)>(2,0,0,0;2),(0,0,0,1;1)>(1,0,0,1;1),(0,0,0,1;1)>(0,1,0,1;1),(1,0,0,1;1)>(2,0,0,1;1),(1,0,0,1;1)>(1,1,0,1;1),(2,0,0,1;1)>(2,1,0,1;1),(0,1,0,1;1)>(1,1,0,1;1),(1,1,0,1;1)>(2,1,0,1;1),(2,1,0,1;1)>(2,1,0,0;2)}
3474:(2,2,2,0,2,0,2,2,1,0,0,1,0,1,1,1,3,0,0,0,1,0,0,0):7:0.083333333333333329:{(0,0,0,0;0)>(0,1,0,0;1),(0,0,0,0;0)>(0,0,0,1;1),(0,1,0,0;1)>(0,1,0,1;1),(2,1,0,0;2)>(2,0,0,0;2),(0,0,0,1;1)>(1,0,0,1;1),(0,0,0,1;1)>(0,1,0,1;1),(1,0,0,1;1)>(2,0,0,1;1),(1,0,0,1;1)>(1,1,0,1;1),(2,0,0,1;1)>(2,1,0,1;1),(0,1,0,1;1)>(1,1,0,1;1),(1,1,0,1;1)>(2,1,0,1;1),(2,1,0,1;1)>(2,1,0,0;2)}
3478:(2,2,2,0,2,1,2,2,1,0,0,1,0,1,1,1,3,0,0,0,1,0,0,0):7:0.083333333333333329:{(0,0,0,0;0)>(0,1,0,0;1),(0,0,0,0;0)>(0,0,0,1;1),(0,1,0,0;1)>(0,1,0,1;1),(2,1,0,0;2)>(2,0,0,0;2),(0,0,0,1;1)>(1,0,0,1;1),(0,0,0,1;1)>(0,1,0,1;1),(1,0,0,1;1)>(2,0,0,1;1),(1,0,0,1;1)>(1,1,0,1;1),(2,0,0,1;1)>(2,1,0,1;1),(0,1,0,1;1)>(1,1,0,1;1),(1,1,0,1;1)>(2,1,0,1;1),(2,1,0,1;1)>(2,1,0,0;2)}
3480:(2,2,2,1,2,1,2,2,1,0,0,1,0,1,1,1,3,0,0,0,1,0,0,0):7:0.083333333333333329:{(0,0,0,0;0)>(0,1,0,0;1),(0,0,0,0;0)>(0,0,0,1;1),(0,1,0,0;1)>(0,1,0,1;1),(2,1,0,0;2)>(2,0,0,0;2),(0,0,0,1;1)>(1,0,0,1;1),(0,0,0,1;1)>(0,1,0,1;1),(1,0,0,1;1)>(2,0,0,1;1),(1,0,0,1;1)>(1,1,0,1;1),(2,0,0,1;1)>(2,1,0,1;1),(0,1,0,1;1)>(1,1,0,1;1),(1,1,0,1;1)>(2,1,0,1;1),(2,1,0,1;1)>(2,1,0,0;2)}
3482:(2,2,2,0,2,2,2,2,1,0,0,1,0,1,1,1,3,0,0,0,1,0,0,0):7:0.083333333333333329:{(0,0,0,0;0)>(0,1,0,0;1),(0,0,0,0;0)>(0,0,0,1;1),(0,1,0,0;1)>(0,1,0,1;1),(2,1,0,0;2)>(2,0,0,0;2),(0,0,0,1;1)>(1,0,0,1;1),(0,0,0,1;1)>(0,1,0,1;1),(1,0,0,1;1)>(2,0,0,1;1),(1,0,0,1;1)>(1,1,0,1;1),(2,0,0,1;1)>(2,1,0,1;1),(0,1,0,1;1)>(1,1,0,1;1),(1,1,0,1;1)>(2,1,0,1;1),(2,1,0,1;1)>(2,1,0,0;2)}
3483:(2,2,2,1,2,2,2,2,1,0,0,1,0,1,1,1,3,0,0,0,1,0,0,0):7:0.083333333333333329:{(0,0,0,0;0)>(0,1,0,0;1),(0,0,0,0;0)>(0,0,0,1;1),(0,1,0,0;1)>(0,1,0,1;1),(2,1,0,0;2)>(2,0,0,0;2),(0,0,0,1;1)>(1,0,0,1;1),(0,0,0,1;1)>(0,1,0,1;1),(1,0,0,1;1)>(2,0,0,1;1),(1,0,0,1;1)>(1,1,0,1;1),(2,0,0,1;1)>(2,1,0,1;1),(0,1,0,1;1)>(1,1,0,1;1),(1,1,0,1;1)>(2,1,0,1;1),(2,1,0,1;1)>(2,1,0,0;2)}
8607:(2,2,2,0,2,0,0,1,1,0,0,1,0,1,0,0,3,0,1,0,1,0,0,0):7:0.083333333333333329:{(0,0,0,0;0)>(0,1,0,0;1),(0,0,0,0;0)>(0,0,0,1;1),(0,1,0,0;1)>(0,1,0,1;1),(2,1,0,0;2)>(2,0,0,0;2),(0,0,0,1;1)>(1,0,0,1;1),(0,0,0,1;1)>(0,1,0,1;1),(1,0,0,1;1)>(2,0,0,1;1),(1,0,0,1;1)>(1,1,0,1;1),(2,0,0,1;1)>(2,1,0,1;1),(0,1,0,1;1)>(1,1,0,1;1),(1,1,0,1;1)>(2,1,0,1;1),(2,1,0,1;1)>(2,1,0,0;2)}
8629:(2,2,2,0,2,0,1,1,1,0,0,1,0,1,0,0,3,0,1,0,1,0,0,0):7:0.083333333333333329:{(0,0,0,0;0)>(0,1,0,0;1),(0,0,0,0;0)>(0,0,0,1;1),(0,1,0,0;1)>(0,1,0,1;1),(2,1,0,0;2)>(2,0,0,0;2),(0,0,0,1;1)>(1,0,0,1;1),(0,0,0,1;1)>(0,1,0,1;1),(1,0,0,1;1)>(2,0,0,1;1),(1,0,0,1;1)>(1,1,0,1;1),(2,0,0,1;1)>(2,1,0,1;1),(0,1,0,1;1)>(1,1,0,1;1),(1,1,0,1;1)>(2,1,0,1;1),(2,1,0,1;1)>(2,1,0,0;2)}
8639:(2,2,2,0,2,1,1,1,1,0,0,1,0,1,0,0,3,0,1,0,1,0,0,0):7:0.083333333333333329:{(0,0,0,0;0)>(0,1,0,0;1),(0,0,0,0;0)>(0,0,0,1;1),(0,1,0,0;1)>(0,1,0,1;1),(2,1,0,0;2)>(2,0,0,0;2),(0,0,0,1;1)>(1,0,0,1;1),(0,0,0,1;1)>(0,1,0,1;1),(1,0,0,1;1)>(2,0,0,1;1),(1,0,0,1;1)>(1,1,0,1;1),(2,0,0,1;1)>(2,1,0,1;1),(0,1,0,1;1)>(1,1,0,1;1),(1,1,0,1;1)>(2,1,0,1;1),(2,1,0,1;1)>(2,1,0,0;2)}
8655:(2,2,2,0,2,0,0,2,1,0,0,1,0,1,0,0,3,0,1,0,1,0,0,0):7:0.083333333333333329:{(0,0,0,0;0)>(0,1,0,0;1),(0,0,0,0;0)>(0,0,0,1;1),(0,1,0,0;1)>(0,1,0,1;1),(2,1,0,0;2)>(2,0,0,0;2),(0,0,0,1;1)>(1,0,0,1;1),(0,0,0,1;1)>(0,1,0,1;1),(1,0,0,1;1)>(2,0,0,1;1),(1,0,0,1;1)>(1,1,0,1;1),(2,0,0,1;1)>(2,1,0,1;1),(0,1,0,1;1)>(1,1,0,1;1),(1,1,0,1;1)>(2,1,0,1;1),(2,1,0,1;1)>(2,1,0,0;2)}
8665:(2,2,2,0,2,1,0,2,1,0,0,1,0,1,0,0,3,0,1,0,1,0,0,0):7:0.083333333333333329:{(0,0,0,0;0)>(0,1,0,0;1),(0,0,0,0;0)>(0,0,0,1;1),(0,1,0,0;1)>(0,1,0,1;1),(2,1,0,0;2)>(2,0,0,0;2),(0,0,0,1;1)>(1,0,0,1;1),(0,0,0,1;1)>(0,1,0,1;1),(1,0,0,1;1)>(2,0,0,1;1),(1,0,0,1;1)>(1,1,0,1;1),(2,0,0,1;1)>(2,1,0,1;1),(0,1,0,1;1)>(1,1,0,1;1),(1,1,0,1;1)>(2,1,0,1;1),(2,1,0,1;1)>(2,1,0,0;2)}
8678:(2,2,2,0,2,0,1,2,1,0,0,1,0,1,0,0,3,0,1,0,1,0,0,0):7:0.083333333333333329:{(0,0,0,0;0)>(0,1,0,0;1),(0,0,0,0;0)>(0,0,0,1;1),(0,1,0,0;1)>(0,1,0,1;1),(2,1,0,0;2)>(2,0,0,0;2),(0,0,0,1;1)>(1,0,0,1;1),(0,0,0,1;1)>(0,1,0,1;1),(1,0,0,1;1)>(2,0,0,1;1),(1,0,0,1;1)>(1,1,0,1;1),(2,0,0,1;1)>(2,1,0,1;1),(0,1,0,1;1)>(1,1,0,1;1),(1,1,0,1;1)>(2,1,0,1;1),(2,1,0,1;1)>(2,1,0,0;2)}
8686:(2,2,2,0,2,1,1,2,1,0,0,1,0,1,0,0,3,0,1,0,1,0,0,0):7:0.083333333333333329:{(0,0,0,0;0)>(0,1,0,0;1),(0,0,0,0;0)>(0,0,0,1;1),(0,1,0,0;1)>(0,1,0,1;1),(2,1,0,0;2)>(2,0,0,0;2),(0,0,0,1;1)>(1,0,0,1;1),(0,0,0,1;1)>(0,1,0,1;1),(1,0,0,1;1)>(2,0,0,1;1),(1,0,0,1;1)>(1,1,0,1;1),(2,0,0,1;1)>(2,1,0,1;1),(0,1,0,1;1)>(1,1,0,1;1),(1,1,0,1;1)>(2,1,0,1;1),(2,1,0,1;1)>(2,1,0,0;2)}
8690:(2,2,2,1,2,1,1,2,1,0,0,1,0,1,0,0,3,0,1,0,1,0,0,0):7:0.083333333333333329:{(0,0,0,0;0)>(0,1,0,0;1),(0,0,0,0;0)>(0,0,0,1;1),(0,1,0,0;1)>(0,1,0,1;1),(2,1,0,0;2)>(2,0,0,0;2),(0,0,0,1;1)>(1,0,0,1;1),(0,0,0,1;1)>(0,1,0,1;1),(1,0,0,1;1)>(2,0,0,1;1),(1,0,0,1;1)>(1,1,0,1;1),(2,0,0,1;1)>(2,1,0,1;1),(0,1,0,1;1)>(1,1,0,1;1),(1,1,0,1;1)>(2,1,0,1;1),(2,1,0,1;1)>(2,1,0,0;2)}
8694:(2,2,2,0,2,2,1,2,1,0,0,1,0,1,0,0,3,0,1,0,1,0,0,0):7:0.083333333333333329:{(0,0,0,0;0)>(0,1,0,0;1),(0,0,0,0;0)>(0,0,0,1;1),(0,1,0,0;1)>(0,1,0,1;1),(2,1,0,0;2)>(2,0,0,0;2),(0,0,0,1;1)>(1,0,0,1;1),(0,0,0,1;1)>(0,1,0,1;1),(1,0,0,1;1)>(2,0,0,1;1),(1,0,0,1;1)>(1,1,0,1;1),(2,0,0,1;1)>(2,1,0,1;1),(0,1,0,1;1)>(1,1,0,1;1),(1,1,0,1;1)>(2,1,0,1;1),(2,1,0,1;1)>(2,1,0,0;2)}
8700:(2,2,2,0,2,0,2,2,1,0,0,1,0,1,0,0,3,0,1,0,1,0,0,0):7:0.083333333333333329:{(0,0,0,0;0)>(0,1,0,0;1),(0,0,0,0;0)>(0,0,0,1;1),(0,1,0,0;1)>(0,1,0,1;1),(2,1,0,0;2)>(2,0,0,0;2),(0,0,0,1;1)>(1,0,0,1;1),(0,0,0,1;1)>(0,1,0,1;1),(1,0,0,1;1)>(2,0,0,1;1),(1,0,0,1;1)>(1,1,0,1;1),(2,0,0,1;1)>(2,1,0,1;1),(0,1,0,1;1)>(1,1,0,1;1),(1,1,0,1;1)>(2,1,0,1;1),(2,1,0,1;1)>(2,1,0,0;2)}
8704:(2,2,2,0,2,1,2,2,1,0,0,1,0,1,0,0,3,0,1,0,1,0,0,0):7:0.083333333333333329:{(0,0,0,0;0)>(0,1,0,0;1),(0,0,0,0;0)>(0,0,0,1;1),(0,1,0,0;1)>(0,1,0,1;1),(2,1,0,0;2)>(2,0,0,0;2),(0,0,0,1;1)>(1,0,0,1;1),(0,0,0,1;1)>(0,1,0,1;1),(1,0,0,1;1)>(2,0,0,1;1),(1,0,0,1;1)>(1,1,0,1;1),(2,0,0,1;1)>(2,1,0,1;1),(0,1,0,1;1)>(1,1,0,1;1),(1,1,0,1;1)>(2,1,0,1;1),(2,1,0,1;1)>(2,1,0,0;2)}
8706:(2,2,2,1,2,1,2,2,1,0,0,1,0,1,0,0,3,0,1,0,1,0,0,0):7:0.083333333333333329:{(0,0,0,0;0)>(0,1,0,0;1),(0,0,0,0;0)>(0,0,0,1;1),(0,1,0,0;1)>(0,1,0,1;1),(2,1,0,0;2)>(2,0,0,0;2),(0,0,0,1;1)>(1,0,0,1;1),(0,0,0,1;1)>(0,1,0,1;1),(1,0,0,1;1)>(2,0,0,1;1),(1,0,0,1;1)>(1,1,0,1;1),(2,0,0,1;1)>(2,1,0,1;1),(0,1,0,1;1)>(1,1,0,1;1),(1,1,0,1;1)>(2,1,0,1;1),(2,1,0,1;1)>(2,1,0,0;2)}
8708:(2,2,2,0,2,2,2,2,1,0,0,1,0,1,0,0,3,0,1,0,1,0,0,0):7:0.083333333333333329:{(0,0,0,0;0)>(0,1,0,0;1),(0,0,0,0;0)>(0,0,0,1;1),(0,1,0,0;1)>(0,1,0,1;1),(2,1,0,0;2)>(2,0,0,0;2),(0,0,0,1;1)>(1,0,0,1;1),(0,0,0,1;1)>(0,1,0,1;1),(1,0,0,1;1)>(2,0,0,1;1),(1,0,0,1;1)>(1,1,0,1;1),(2,0,0,1;1)>(2,1,0,1;1),(0,1,0,1;1)>(1,1,0,1;1),(1,1,0,1;1)>(2,1,0,1;1),(2,1,0,1;1)>(2,1,0,0;2)}
8709:(2,2,2,1,2,2,2,2,1,0,0,1,0,1,0,0,3,0,1,0,1,0,0,0):7:0.083333333333333329:{(0,0,0,0;0)>(0,1,0,0;1),(0,0,0,0;0)>(0,0,0,1;1),(0,1,0,0;1)>(0,1,0,1;1),(2,1,0,0;2)>(2,0,0,0;2),(0,0,0,1;1)>(1,0,0,1;1),(0,0,0,1;1)>(0,1,0,1;1),(1,0,0,1;1)>(2,0,0,1;1),(1,0,0,1;1)>(1,1,0,1;1),(2,0,0,1;1)>(2,1,0,1;1),(0,1,0,1;1)>(1,1,0,1;1),(1,1,0,1;1)>(2,1,0,1;1),(2,1,0,1;1)>(2,1,0,0;2)}
9009:(2,2,2,0,2,0,0,1,1,0,0,1,0,1,1,0,3,0,1,0,1,0,0,0):7:0.083333333333333329:{(0,0,0,0;0)>(0,1,0,0;1),(0,0,0,0;0)>(0,0,0,1;1),(0,1,0,0;1)>(0,1,0,1;1),(2,1,0,0;2)>(2,0,0,0;2),(0,0,0,1;1)>(1,0,0,1;1),(0,0,0,1;1)>(0,1,0,1;1),(1,0,0,1;1)>(2,0,0,1;1),(1,0,0,1;1)>(1,1,0,1;1),(2,0,0,1;1)>(2,1,0,1;1),(0,1,0,1;1)>(1,1,0,1;1),(1,1,0,1;1)>(2,1,0,1;1),(2,1,0,1;1)>(2,1,0,0;2)}
9031:(2,2,2,0,2,0,1,1,1,0,0,1,0,1,1,0,3,0,1,0,1,0,0,0):7:0.083333333333333329:{(0,0,0,0;0)>(0,1,0,0;1),(0,0,0,0;0)>(0,0,0,1;1),(0,1,0,0;1)>(0,1,0,1;1),(2,1,0,0;2)>(2,0,0,0;2),(0,0,0,1;1)>(1,0,0,1;1),(0,0,0,1;1)>(0,1,0,1;1),(1,0,0,1;1)>(2,0,0,1;1),(1,0,0,1;1)>(1,1,0,1;1),(2,0,0,1;1)>(2,1,0,1;1),(0,1,0,1;1)>(1,1,0,1;1),(1,1,0,1;1)>(2,1,0,1;1),(2,1,0,1;1)>(2,1,0,0;2)}
9041:(2,2,2,0,2,1,1,1,1,0,0,1,0,1,1,0,3,0,1,0,1,0,0,0):7:0.083333333333333329:{(0,0,0,0;0)>(0,1,0,0;1),(0,0,0,0;0)>(0,0,0,1;1),(0,1,0,0;1)>(0,1,0,1;1),(2,1,0,0;2)>(2,0,0,0;2),(0,0,0,1;1)>(1,0,0,1;1),(0,0,0,1;1)>(0,1,0,1;1),(1,0,0,1;1)>(2,0,0,1;1),(1,0,0,1;1)>(1,1,0,1;1),(2,0,0,1;1)>(2,1,0,1;1),(0,1,0,1;1)>(1,1,0,1;1),(1,1,0,1;1)>(2,1,0,1;1),(2,1,0,1;1)>(2,1,0,0;2)}
9057:(2,2,2,0,2,0,0,2,1,0,0,1,0,1,1,0,3,0,1,0,1,0,0,0):7:0.083333333333333329:{(0,0,0,0;0)>(0,1,0,0;1),(0,0,0,0;0)>(0,0,0,1;1),(0,1,0,0;1)>(0,1,0,1;1),(2,1,0,0;2)>(2,0,0,0;2),(0,0,0,1;1)>(1,0,0,1;1),(0,0,0,1;1)>(0,1,0,1;1),(1,0,0,1;1)>(2,0,0,1;1),(1,0,0,1;1)>(1,1,0,1;1),(2,0,0,1;1)>(2,1,0,1;1),(0,1,0,1;1)>(1,1,0,1;1),(1,1,0,1;1)>(2,1,0,1;1),(2,1,0,1;1)>(2,1,0,0;2)}
9067:(2,2,2,0,2,1,0,2,1,0,0,1,0,1,1,0,3,0,1,0,1,0,0,0):7:0.083333333333333329:{(0,0,0,0;0)>(0,1,0,0;1),(0,0,0,0;0)>(0,0,0,1;1),(0,1,0,0;1)>(0,1,0,1;1),(2,1,0,0;2)>(2,0,0,0;2),(0,0,0,1;1)>(1,0,0,1;1),(0,0,0,1;1)>(0,1,0,1;1),(1,0,0,1;1)>(2,0,0,1;1),(1,0,0,1;1)>(1,1,0,1;1),(2,0,0,1;1)>(2,1,0,1;1),(0,1,0,1;1)>(1,1,0,1;1),(1,1,0,1;1)>(2,1,0,1;1),(2,1,0,1;1)>(2,1,0,0;2)}
9080:(2,2,2,0,2,0,1,2,1,0,0,1,0,1,1,0,3,0,1,0,1,0,0,0):7:0.083333333333333329:{(0,0,0,0;0)>(0,1,0,0;1),(0,0,0,0;0)>(0,0,0,1;1),(0,1,0,0;1)>(0,1,0,1;1),(2,1,0,0;2)>(2,0,0,0;2),(0,0,0,1;1)>(1,0,0,1;1),(0,0,0,1;1)>(0,1,0,1;1),(1,0,0,1;1)>(2,0,0,1;1),(1,0,0,1;1)>(1,1,0,1;1),(2,0,0,1;1)>(2,1,0,1;1),(0,1,0,1;1)>(1,1,0,1;1),(1,1,0,1;1)>(2,1,0,1;1),(2,1,0,1;1)>(2,1,0,0;2)}
9088:(2,2,2,0,2,1,1,2,1,0,0,1,0,1,1,0,3,0,1,0,1,0,0,0):7:0.083333333333333329:{(0,0,0,0;0)>(0,1,0,0;1),(0,0,0,0;0)>(0,0,0,1;1),(0,1,0,0;1)>(0,1,0,1;1),(2,1,0,0;2)>(2,0,0,0;2),(0,0,0,1;1)>(1,0,0,1;1),(0,0,0,1;1)>(0,1,0,1;1),(1,0,0,1;1)>(2,0,0,1;1),(1,0,0,1;1)>(1,1,0,1;1),(2,0,0,1;1)>(2,1,0,1;1),(0,1,0,1;1)>(1,1,0,1;1),(1,1,0,1;1)>(2,1,0,1;1),(2,1,0,1;1)>(2,1,0,0;2)}
9092:(2,2,2,1,2,1,1,2,1,0,0,1,0,1,1,0,3,0,1,0,1,0,0,0):7:0.083333333333333329:{(0,0,0,0;0)>(0,1,0,0;1),(0,0,0,0;0)>(0,0,0,1;1),(0,1,0,0;1)>(0,1,0,1;1),(2,1,0,0;2)>(2,0,0,0;2),(0,0,0,1;1)>(1,0,0,1;1),(0,0,0,1;1)>(0,1,0,1;1),(1,0,0,1;1)>(2,0,0,1;1),(1,0,0,1;1)>(1,1,0,1;1),(2,0,0,1;1)>(2,1,0,1;1),(0,1,0,1;1)>(1,1,0,1;1),(1,1,0,1;1)>(2,1,0,1;1),(2,1,0,1;1)>(2,1,0,0;2)}
9096:(2,2,2,0,2,2,1,2,1,0,0,1,0,1,1,0,3,0,1,0,1,0,0,0):7:0.083333333333333329:{(0,0,0,0;0)>(0,1,0,0;1),(0,0,0,0;0)>(0,0,0,1;1),(0,1,0,0;1)>(0,1,0,1;1),(2,1,0,0;2)>(2,0,0,0;2),(0,0,0,1;1)>(1,0,0,1;1),(0,0,0,1;1)>(0,1,0,1;1),(1,0,0,1;1)>(2,0,0,1;1),(1,0,0,1;1)>(1,1,0,1;1),(2,0,0,1;1)>(2,1,0,1;1),(0,1,0,1;1)>(1,1,0,1;1),(1,1,0,1;1)>(2,1,0,1;1),(2,1,0,1;1)>(2,1,0,0;2)}
9102:(2,2,2,0,2,0,2,2,1,0,0,1,0,1,1,0,3,0,1,0,1,0,0,0):7:0.083333333333333329:{(0,0,0,0;0)>(0,1,0,0;1),(0,0,0,0;0)>(0,0,0,1;1),(0,1,0,0;1)>(0,1,0,1;1),(2,1,0,0;2)>(2,0,0,0;2),(0,0,0,1;1)>(1,0,0,1;1),(0,0,0,1;1)>(0,1,0,1;1),(1,0,0,1;1)>(2,0,0,1;1),(1,0,0,1;1)>(1,1,0,1;1),(2,0,0,1;1)>(2,1,0,1;1),(0,1,0,1;1)>(1,1,0,1;1),(1,1,0,1;1)>(2,1,0,1;1),(2,1,0,1;1)>(2,1,0,0;2)}
9106:(2,2,2,0,2,1,2,2,1,0,0,1,0,1,1,0,3,0,1,0,1,0,0,0):7:0.083333333333333329:{(0,0,0,0;0)>(0,1,0,0;1),(0,0,0,0;0)>(0,0,0,1;1),(0,1,0,0;1)>(0,1,0,1;1),(2,1,0,0;2)>(2,0,0,0;2),(0,0,0,1;1)>(1,0,0,1;1),(0,0,0,1;1)>(0,1,0,1;1),(1,0,0,1;1)>(2,0,0,1;1),(1,0,0,1;1)>(1,1,0,1;1),(2,0,0,1;1)>(2,1,0,1;1),(0,1,0,1;1)>(1,1,0,1;1),(1,1,0,1;1)>(2,1,0,1;1),(2,1,0,1;1)>(2,1,0,0;2)}
9108:(2,2,2,1,2,1,2,2,1,0,0,1,0,1,1,0,3,0,1,0,1,0,0,0):7:0.083333333333333329:{(0,0,0,0;0)>(0,1,0,0;1),(0,0,0,0;0)>(0,0,0,1;1),(0,1,0,0;1)>(0,1,0,1;1),(2,1,0,0;2)>(2,0,0,0;2),(0,0,0,1;1)>(1,0,0,1;1),(0,0,0,1;1)>(0,1,0,1;1),(1,0,0,1;1)>(2,0,0,1;1),(1,0,0,1;1)>(1,1,0,1;1),(2,0,0,1;1)>(2,1,0,1;1),(0,1,0,1;1)>(1,1,0,1;1),(1,1,0,1;1)>(2,1,0,1;1),(2,1,0,1;1)>(2,1,0,0;2)}
9110:(2,2,2,0,2,2,2,2,1,0,0,1,0,1,1,0,3,0,1,0,1,0,0,0):7:0.083333333333333329:{(0,0,0,0;0)>(0,1,0,0;1),(0,0,0,0;0)>(0,0,0,1;1),(0,1,0,0;1)>(0,1,0,1;1),(2,1,0,0;2)>(2,0,0,0;2),(0,0,0,1;1)>(1,0,0,1;1),(0,0,0,1;1)>(0,1,0,1;1),(1,0,0,1;1)>(2,0,0,1;1),(1,0,0,1;1)>(1,1,0,1;1),(2,0,0,1;1)>(2,1,0,1;1),(0,1,0,1;1)>(1,1,0,1;1),(1,1,0,1;1)>(2,1,0,1;1),(2,1,0,1;1)>(2,1,0,0;2)}
9111:(2,2,2,1,2,2,2,2,1,0,0,1,0,1,1,0,3,0,1,0,1,0,0,0):7:0.083333333333333329:{(0,0,0,0;0)>(0,1,0,0;1),(0,0,0,0;0)>(0,0,0,1;1),(0,1,0,0;1)>(0,1,0,1;1),(2,1,0,0;2)>(2,0,0,0;2),(0,0,0,1;1)>(1,0,0,1;1),(0,0,0,1;1)>(0,1,0,1;1),(1,0,0,1;1)>(2,0,0,1;1),(1,0,0,1;1)>(1,1,0,1;1),(2,0,0,1;1)>(2,1,0,1;1),(0,1,0,1;1)>(1,1,0,1;1),(1,1,0,1;1)>(2,1,0,1;1),(2,1,0,1;1)>(2,1,0,0;2)}
9277:(2,2,2,0,2,0,0,1,1,0,1,1,0,1,1,0,3,0,1,0,1,0,0,0):7:0.083333333333333329:{(0,0,0,0;0)>(0,1,0,0;1),(0,0,0,0;0)>(0,0,0,1;1),(0,1,0,0;1)>(0,1,0,1;1),(2,1,0,0;2)>(2,0,0,0;2),(0,0,0,1;1)>(1,0,0,1;1),(0,0,0,1;1)>(0,1,0,1;1),(1,0,0,1;1)>(2,0,0,1;1),(1,0,0,1;1)>(1,1,0,1;1),(2,0,0,1;1)>(2,1,0,1;1),(0,1,0,1;1)>(1,1,0,1;1),(1,1,0,1;1)>(2,1,0,1;1),(2,1,0,1;1)>(2,1,0,0;2)}
9299:(2,2,2,0,2,0,1,1,1,0,1,1,0,1,1,0,3,0,1,0,1,0,0,0):7:0.083333333333333329:{(0,0,0,0;0)>(0,1,0,0;1),(0,0,0,0;0)>(0,0,0,1;1),(0,1,0,0;1)>(0,1,0,1;1),(2,1,0,0;2)>(2,0,0,0;2),(0,0,0,1;1)>(1,0,0,1;1),(0,0,0,1;1)>(0,1,0,1;1),(1,0,0,1;1)>(2,0,0,1;1),(1,0,0,1;1)>(1,1,0,1;1),(2,0,0,1;1)>(2,1,0,1;1),(0,1,0,1;1)>(1,1,0,1;1),(1,1,0,1;1)>(2,1,0,1;1),(2,1,0,1;1)>(2,1,0,0;2)}
9309:(2,2,2,0,2,1,1,1,1,0,1,1,0,1,1,0,3,0,1,0,1,0,0,0):7:0.083333333333333329:{(0,0,0,0;0)>(0,1,0,0;1),(0,0,0,0;0)>(0,0,0,1;1),(0,1,0,0;1)>(0,1,0,1;1),(2,1,0,0;2)>(2,0,0,0;2),(0,0,0,1;1)>(1,0,0,1;1),(0,0,0,1;1)>(0,1,0,1;1),(1,0,0,1;1)>(2,0,0,1;1),(1,0,0,1;1)>(1,1,0,1;1),(2,0,0,1;1)>(2,1,0,1;1),(0,1,0,1;1)>(1,1,0,1;1),(1,1,0,1;1)>(2,1,0,1;1),(2,1,0,1;1)>(2,1,0,0;2)}
9325:(2,2,2,0,2,0,0,2,1,0,1,1,0,1,1,0,3,0,1,0,1,0,0,0):7:0.083333333333333329:{(0,0,0,0;0)>(0,1,0,0;1),(0,0,0,0;0)>(0,0,0,1;1),(0,1,0,0;1)>(0,1,0,1;1),(2,1,0,0;2)>(2,0,0,0;2),(0,0,0,1;1)>(1,0,0,1;1),(0,0,0,1;1)>(0,1,0,1;1),(1,0,0,1;1)>(2,0,0,1;1),(1,0,0,1;1)>(1,1,0,1;1),(2,0,0,1;1)>(2,1,0,1;1),(0,1,0,1;1)>(1,1,0,1;1),(1,1,0,1;1)>(2,1,0,1;1),(2,1,0,1;1)>(2,1,0,0;2)}
9335:(2,2,2,0,2,1,0,2,1,0,1,1,0,1,1,0,3,0,1,0,1,0,0,0):7:0.083333333333333329:{(0,0,0,0;0)>(0,1,0,0;1),(0,0,0,0;0)>(0,0,0,1;1),(0,1,0,0;1)>(0,1,0,1;1),(2,1,0,0;2)>(2,0,0,0;2),(0,0,0,1;1)>(1,0,0,1;1),(0,0,0,1;1)>(0,1,0,1;1),(1,0,0,1;1)>(2,0,0,1;1),(1,0,0,1;1)>(1,1,0,1;1),(2,0,0,1;1)>(2,1,0,1;1),(0,1,0,1;1)>(1,1,0,1;1),(1,1,0,1;1)>(2,1,0,1;1),(2,1,0,1;1)>(2,1,0,0;2)}
9348:(2,2,2,0,2,0,1,2,1,0,1,1,0,1,1,0,3,0,1,0,1,0,0,0):7:0.083333333333333329:{(0,0,0,0;0)>(0,1,0,0;1),(0,0,0,0;0)>(0,0,0,1;1),(0,1,0,0;1)>(0,1,0,1;1),(2,1,0,0;2)>(2,0,0,0;2),(0,0,0,1;1)>(1,0,0,1;1),(0,0,0,1;1)>(0,1,0,1;1),(1,0,0,1;1)>(2,0,0,1;1),(1,0,0,1;1)>(1,1,0,1;1),(2,0,0,1;1)>(2,1,0,1;1),(0,1,0,1;1)>(1,1,0,1;1),(1,1,0,1;1)>(2,1,0,1;1),(2,1,0,1;1)>(2,1,0,0;2)}
9356:(2,2,2,0,2,1,1,2,1,0,1,1,0,1,1,0,3,0,1,0,1,0,0,0):7:0.083333333333333329:{(0,0,0,0;0)>(0,1,0,0;1),(0,0,0,0;0)>(0,0,0,1;1),(0,1,0,0;1)>(0,1,0,1;1),(2,1,0,0;2)>(2,0,0,0;2),(0,0,0,1;1)>(1,0,0,1;1),(0,0,0,1;1)>(0,1,0,1;1),(1,0,0,1;1)>(2,0,0,1;1),(1,0,0,1;1)>(1,1,0,1;1),(2,0,0,1;1)>(2,1,0,1;1),(0,1,0,1;1)>(1,1,0,1;1),(1,1,0,1;1)>(2,1,0,1;1),(2,1,0,1;1)>(2,1,0,0;2)}
9360:(2,2,2,1,2,1,1,2,1,0,1,1,0,1,1,0,3,0,1,0,1,0,0,0):7:0.083333333333333329:{(0,0,0,0;0)>(0,1,0,0;1),(0,0,0,0;0)>(0,0,0,1;1),(0,1,0,0;1)>(0,1,0,1;1),(2,1,0,0;2)>(2,0,0,0;2),(0,0,0,1;1)>(1,0,0,1;1),(0,0,0,1;1)>(0,1,0,1;1),(1,0,0,1;1)>(2,0,0,1;1),(1,0,0,1;1)>(1,1,0,1;1),(2,0,0,1;1)>(2,1,0,1;1),(0,1,0,1;1)>(1,1,0,1;1),(1,1,0,1;1)>(2,1,0,1;1),(2,1,0,1;1)>(2,1,0,0;2)}
9364:(2,2,2,0,2,2,1,2,1,0,1,1,0,1,1,0,3,0,1,0,1,0,0,0):7:0.083333333333333329:{(0,0,0,0;0)>(0,1,0,0;1),(0,0,0,0;0)>(0,0,0,1;1),(0,1,0,0;1)>(0,1,0,1;1),(2,1,0,0;2)>(2,0,0,0;2),(0,0,0,1;1)>(1,0,0,1;1),(0,0,0,1;1)>(0,1,0,1;1),(1,0,0,1;1)>(2,0,0,1;1),(1,0,0,1;1)>(1,1,0,1;1),(2,0,0,1;1)>(2,1,0,1;1),(0,1,0,1;1)>(1,1,0,1;1),(1,1,0,1;1)>(2,1,0,1;1),(2,1,0,1;1)>(2,1,0,0;2)}
9370:(2,2,2,0,2,0,2,2,1,0,1,1,0,1,1,0,3,0,1,0,1,0,0,0):7:0.083333333333333329:{(0,0,0,0;0)>(0,1,0,0;1),(0,0,0,0;0)>(0,0,0,1;1),(0,1,0,0;1)>(0,1,0,1;1),(2,1,0,0;2)>(2,0,0,0;2),(0,0,0,1;1)>(1,0,0,1;1),(0,0,0,1;1)>(0,1,0,1;1),(1,0,0,1;1)>(2,0,0,1;1),(1,0,0,1;1)>(1,1,0,1;1),(2,0,0,1;1)>(2,1,0,1;1),(0,1,0,1;1)>(1,1,0,1;1),(1,1,0,1;1)>(2,1,0,1;1),(2,1,0,1;1)>(2,1,0,0;2)}
9374:(2,2,2,0,2,1,2,2,1,0,1,1,0,1,1,0,3,0,1,0,1,0,0,0):7:0.083333333333333329:{(0,0,0,0;0)>(0,1,0,0;1),(0,0,0,0;0)>(0,0,0,1;1),(0,1,0,0;1)>(0,1,0,1;1),(2,1,0,0;2)>(2,0,0,0;2),(0,0,0,1;1)>(1,0,0,1;1),(0,0,0,1;1)>(0,1,0,1;1),(1,0,0,1;1)>(2,0,0,1;1),(1,0,0,1;1)>(1,1,0,1;1),(2,0,0,1;1)>(2,1,0,1;1),(0,1,0,1;1)>(1,1,0,1;1),(1,1,0,1;1)>(2,1,0,1;1),(2,1,0,1;1)>(2,1,0,0;2)}
9376:(2,2,2,1,2,1,2,2,1,0,1,1,0,1,1,0,3,0,1,0,1,0,0,0):7:0.083333333333333329:{(0,0,0,0;0)>(0,1,0,0;1),(0,0,0,0;0)>(0,0,0,1;1),(0,1,0,0;1)>(0,1,0,1;1),(2,1,0,0;2)>(2,0,0,0;2),(0,0,0,1;1)>(1,0,0,1;1),(0,0,0,1;1)>(0,1,0,1;1),(1,0,0,1;1)>(2,0,0,1;1),(1,0,0,1;1)>(1,1,0,1;1),(2,0,0,1;1)>(2,1,0,1;1),(0,1,0,1;1)>(1,1,0,1;1),(1,1,0,1;1)>(2,1,0,1;1),(2,1,0,1;1)>(2,1,0,0;2)}
9378:(2,2,2,0,2,2,2,2,1,0,1,1,0,1,1,0,3,0,1,0,1,0,0,0):7:0.083333333333333329:{(0,0,0,0;0)>(0,1,0,0;1),(0,0,0,0;0)>(0,0,0,1;1),(0,1,0,0;1)>(0,1,0,1;1),(2,1,0,0;2)>(2,0,0,0;2),(0,0,0,1;1)>(1,0,0,1;1),(0,0,0,1;1)>(0,1,0,1;1),(1,0,0,1;1)>(2,0,0,1;1),(1,0,0,1;1)>(1,1,0,1;1),(2,0,0,1;1)>(2,1,0,1;1),(0,1,0,1;1)>(1,1,0,1;1),(1,1,0,1;1)>(2,1,0,1;1),(2,1,0,1;1)>(2,1,0,0;2)}
9379:(2,2,2,1,2,2,2,2,1,0,1,1,0,1,1,0,3,0,1,0,1,0,0,0):7:0.083333333333333329:{(0,0,0,0;0)>(0,1,0,0;1),(0,0,0,0;0)>(0,0,0,1;1),(0,1,0,0;1)>(0,1,0,1;1),(2,1,0,0;2)>(2,0,0,0;2),(0,0,0,1;1)>(1,0,0,1;1),(0,0,0,1;1)>(0,1,0,1;1),(1,0,0,1;1)>(2,0,0,1;1),(1,0,0,1;1)>(1,1,0,1;1),(2,0,0,1;1)>(2,1,0,1;1),(0,1,0,1;1)>(1,1,0,1;1),(1,1,0,1;1)>(2,1,0,1;1),(2,1,0,1;1)>(2,1,0,0;2)}
9411:(2,2,2,0,2,0,0,1,1,0,0,1,0,1,1,1,3,0,1,0,1,0,0,0):7:0.083333333333333329:{(0,0,0,0;0)>(0,1,0,0;1),(0,0,0,0;0)>(0,0,0,1;1),(0,1,0,0;1)>(0,1,0,1;1),(2,1,0,0;2)>(2,0,0,0;2),(0,0,0,1;1)>(1,0,0,1;1),(0,0,0,1;1)>(0,1,0,1;1),(1,0,0,1;1)>(2,0,0,1;1),(1,0,0,1;1)>(1,1,0,1;1),(2,0,0,1;1)>(2,1,0,1;1),(0,1,0,1;1)>(1,1,0,1;1),(1,1,0,1;1)>(2,1,0,1;1),(2,1,0,1;1)>(2,1,0,0;2)}
9433:(2,2,2,0,2,0,1,1,1,0,0,1,0,1,1,1,3,0,1,0,1,0,0,0):7:0.083333333333333329:{(0,0,0,0;0)>(0,1,0,0;1),(0,0,0,0;0)>(0,0,0,1;1),(0,1,0,0;1)>(0,1,0,1;1),(2,1,0,0;2)>(2,0,0,0;2),(0,0,0,1;1)>(1,0,0,1;1),(0,0,0,1;1)>(0,1,0,1;1),(1,0,0,1;1)>(2,0,0,1;1),(1,0,0,1;1)>(1,1,0,1;1),(2,0,0,1;1)>(2,1,0,1;1),(0,1,0,1;1)>(1,1,0,1;1),(1,1,0,1;1)>(2,1,0,1;1),(2,1,0,1;1)>(2,1,0,0;2)}
9443:(2,2,2,0,2,1,1,1,1,0,0,1,0,1,1,1,3,0,1,0,1,0,0,0):7:0.083333333333333329:{(0,0,0,0;0)>(0,1,0,0;1),(0,0,0,0;0)>(0,0,0,1;1),(0,1,0,0;1)>(0,1,0,1;1),(2,1,0,0;2)>(2,0,0,0;2),(0,0,0,1;1)>(1,0,0,1;1),(0,0,0,1;1)>(0,1,0,1;1),(1,0,0,1;1)>(2,0,0,1;1),(1,0,0,1;1)>(1,1,0,1;1),(2,0,0,1;1)>(2,1,0,1;1),(0,1,0,1;1)>(1,1,0,1;1),(1,1,0,1;1)>(2,1,0,1;1),(2,1,0,1;1)>(2,1,0,0;2)}
9459:(2,2,2,0,2,0,0,2,1,0,0,1,0,1,1,1,3,0,1,0,1,0,0,0):7:0.083333333333333329:{(0,0,0,0;0)>(0,1,0,0;1),(0,0,0,0;0)>(0,0,0,1;1),(0,1,0,0;1)>(0,1,0,1;1),(2,1,0,0;2)>(2,0,0,0;2),(0,0,0,1;1)>(1,0,0,1;1),(0,0,0,1;1)>(0,1,0,1;1),(1,0,0,1;1)>(2,0,0,1;1),(1,0,0,1;1)>(1,1,0,1;1),(2,0,0,1;1)>(2,1,0,1;1),(0,1,0,1;1)>(1,1,0,1;1),(1,1,0,1;1)>(2,1,0,1;1),(2,1,0,1;1)>(2,1,0,0;2)}
9469:(2,2,2,0,2,1,0,2,1,0,0,1,0,1,1,1,3,0,1,0,1,0,0,0):7:0.083333333333333329:{(0,0,0,0;0)>(0,1,0,0;1),(0,0,0,0;0)>(0,0,0,1;1),(0,1,0,0;1)>(0,1,0,1;1),(2,1,0,0;2)>(2,0,0,0;2),(0,0,0,1;1)>(1,0,0,1;1),(0,0,0,1;1)>(0,1,0,1;1),(1,0,0,1;1)>(2,0,0,1;1),(1,0,0,1;1)>(1,1,0,1;1),(2,0,0,1;1)>(2,1,0,1;1),(0,1,0,1;1)>(1,1,0,1;1),(1,1,0,1;1)>(2,1,0,1;1),(2,1,0,1;1)>(2,1,0,0;2)}
9482:(2,2,2,0,2,0,1,2,1,0,0,1,0,1,1,1,3,0,1,0,1,0,0,0):7:0.083333333333333329:{(0,0,0,0;0)>(0,1,0,0;1),(0,0,0,0;0)>(0,0,0,1;1),(0,1,0,0;1)>(0,1,0,1;1),(2,1,0,0;2)>(2,0,0,0;2),(0,0,0,1;1)>(1,0,0,1;1),(0,0,0,1;1)>(0,1,0,1;1),(1,0,0,1;1)>(2,0,0,1;1),(1,0,0,1;1)>(1,1,0,1;1),(2,0,0,1;1)>(2,1,0,1;1),(0,1,0,1;1)>(1,1,0,1;1),(1,1,0,1;1)>(2,1,0,1;1),(2,1,0,1;1)>(2,1,0,0;2)}
9490:(2,2,2,0,2,1,1,2,1,0,0,1,0,1,1,1,3,0,1,0,1,0,0,0):7:0.083333333333333329:{(0,0,0,0;0)>(0,1,0,0;1),(0,0,0,0;0)>(0,0,0,1;1),(0,1,0,0;1)>(0,1,0,1;1),(2,1,0,0;2)>(2,0,0,0;2),(0,0,0,1;1)>(1,0,0,1;1),(0,0,0,1;1)>(0,1,0,1;1),(1,0,0,1;1)>(2,0,0,1;1),(1,0,0,1;1)>(1,1,0,1;1),(2,0,0,1;1)>(2,1,0,1;1),(0,1,0,1;1)>(1,1,0,1;1),(1,1,0,1;1)>(2,1,0,1;1),(2,1,0,1;1)>(2,1,0,0;2)}
9494:(2,2,2,1,2,1,1,2,1,0,0,1,0,1,1,1,3,0,1,0,1,0,0,0):7:0.083333333333333329:{(0,0,0,0;0)>(0,1,0,0;1),(0,0,0,0;0)>(0,0,0,1;1),(0,1,0,0;1)>(0,1,0,1;1),(2,1,0,0;2)>(2,0,0,0;2),(0,0,0,1;1)>(1,0,0,1;1),(0,0,0,1;1)>(0,1,0,1;1),(1,0,0,1;1)>(2,0,0,1;1),(1,0,0,1;1)>(1,1,0,1;1),(2,0,0,1;1)>(2,1,0,1;1),(0,1,0,1;1)>(1,1,0,1;1),(1,1,0,1;1)>(2,1,0,1;1),(2,1,0,1;1)>(2,1,0,0;2)}
9498:(2,2,2,0,2,2,1,2,1,0,0,1,0,1,1,1,3,0,1,0,1,0,0,0):7:0.083333333333333329:{(0,0,0,0;0)>(0,1,0,0;1),(0,0,0,0;0)>(0,0,0,1;1),(0,1,0,0;1)>(0,1,0,1;1),(2,1,0,0;2)>(2,0,0,0;2),(0,0,0,1;1)>(1,0,0,1;1),(0,0,0,1;1)>(0,1,0,1;1),(1,0,0,1;1)>(2,0,0,1;1),(1,0,0,1;1)>(1,1,0,1;1),(2,0,0,1;1)>(2,1,0,1;1),(0,1,0,1;1)>(1,1,0,1;1),(1,1,0,1;1)>(2,1,0,1;1),(2,1,0,1;1)>(2,1,0,0;2)}
9504:(2,2,2,0,2,0,2,2,1,0,0,1,0,1,1,1,3,0,1,0,1,0,0,0):7:0.083333333333333329:{(0,0,0,0;0)>(0,1,0,0;1),(0,0,0,0;0)>(0,0,0,1;1),(0,1,0,0;1)>(0,1,0,1;1),(2,1,0,0;2)>(2,0,0,0;2),(0,0,0,1;1)>(1,0,0,1;1),(0,0,0,1;1)>(0,1,0,1;1),(1,0,0,1;1)>(2,0,0,1;1),(1,0,0,1;1)>(1,1,0,1;1),(2,0,0,1;1)>(2,1,0,1;1),(0,1,0,1;1)>(1,1,0,1;1),(1,1,0,1;1)>(2,1,0,1;1),(2,1,0,1;1)>(2,1,0,0;2)}
9508:(2,2,2,0,2,1,2,2,1,0,0,1,0,1,1,1,3,0,1,0,1,0,0,0):7:0.083333333333333329:{(0,0,0,0;0)>(0,1,0,0;1),(0,0,0,0;0)>(0,0,0,1;1),(0,1,0,0;1)>(0,1,0,1;1),(2,1,0,0;2)>(2,0,0,0;2),(0,0,0,1;1)>(1,0,0,1;1),(0,0,0,1;1)>(0,1,0,1;1),(1,0,0,1;1)>(2,0,0,1;1),(1,0,0,1;1)>(1,1,0,1;1),(2,0,0,1;1)>(2,1,0,1;1),(0,1,0,1;1)>(1,1,0,1;1),(1,1,0,1;1)>(2,1,0,1;1),(2,1,0,1;1)>(2,1,0,0;2)}
9510:(2,2,2,1,2,1,2,2,1,0,0,1,0,1,1,1,3,0,1,0,1,0,0,0):7:0.083333333333333329:{(0,0,0,0;0)>(0,1,0,0;1),(0,0,0,0;0)>(0,0,0,1;1),(0,1,0,0;1)>(0,1,0,1;1),(2,1,0,0;2)>(2,0,0,0;2),(0,0,0,1;1)>(1,0,0,1;1),(0,0,0,1;1)>(0,1,0,1;1),(1,0,0,1;1)>(2,0,0,1;1),(1,0,0,1;1)>(1,1,0,1;1),(2,0,0,1;1)>(2,1,0,1;1),(0,1,0,1;1)>(1,1,0,1;1),(1,1,0,1;1)>(2,1,0,1;1),(2,1,0,1;1)>(2,1,0,0;2)}
9512:(2,2,2,0,2,2,2,2,1,0,0,1,0,1,1,1,3,0,1,0,1,0,0,0):7:0.083333333333333329:{(0,0,0,0;0)>(0,1,0,0;1),(0,0,0,0;0)>(0,0,0,1;1),(0,1,0,0;1)>(0,1,0,1;1),(2,1,0,0;2)>(2,0,0,0;2),(0,0,0,1;1)>(1,0,0,1;1),(0,0,0,1;1)>(0,1,0,1;1),(1,0,0,1;1)>(2,0,0,1;1),(1,0,0,1;1)>(1,1,0,1;1),(2,0,0,1;1)>(2,1,0,1;1),(0,1,0,1;1)>(1,1,0,1;1),(1,1,0,1;1)>(2,1,0,1;1),(2,1,0,1;1)>(2,1,0,0;2)}
9513:(2,2,2,1,2,2,2,2,1,0,0,1,0,1,1,1,3,0,1,0,1,0,0,0):7:0.083333333333333329:{(0,0,0,0;0)>(0,1,0,0;1),(0,0,0,0;0)>(0,0,0,1;1),(0,1,0,0;1)>(0,1,0,1;1),(2,1,0,0;2)>(2,0,0,0;2),(0,0,0,1;1)>(1,0,0,1;1),(0,0,0,1;1)>(0,1,0,1;1),(1,0,0,1;1)>(2,0,0,1;1),(1,0,0,1;1)>(1,1,0,1;1),(2,0,0,1;1)>(2,1,0,1;1),(0,1,0,1;1)>(1,1,0,1;1),(1,1,0,1;1)>(2,1,0,1;1),(2,1,0,1;1)>(2,1,0,0;2)}
17049:(2,2,2,0,2,0,0,1,1,0,0,1,0,1,0,0,3,0,2,0,1,0,0,0):7:0.083333333333333329:{(0,0,0,0;0)>(0,1,0,0;1),(0,0,0,0;0)>(0,0,0,1;1),(0,1,0,0;1)>(0,1,0,1;1),(2,1,0,0;2)>(2,0,0,0;2),(0,0,0,1;1)>(1,0,0,1;1),(0,0,0,1;1)>(0,1,0,1;1),(1,0,0,1;1)>(2,0,0,1;1),(1,0,0,1;1)>(1,1,0,1;1),(2,0,0,1;1)>(2,1,0,1;1),(0,1,0,1;1)>(1,1,0,1;1),(1,1,0,1;1)>(2,1,0,1;1),(2,1,0,1;1)>(2,1,0,0;2)}
17071:(2,2,2,0,2,0,1,1,1,0,0,1,0,1,0,0,3,0,2,0,1,0,0,0):7:0.083333333333333329:{(0,0,0,0;0)>(0,1,0,0;1),(0,0,0,0;0)>(0,0,0,1;1),(0,1,0,0;1)>(0,1,0,1;1),(2,1,0,0;2)>(2,0,0,0;2),(0,0,0,1;1)>(1,0,0,1;1),(0,0,0,1;1)>(0,1,0,1;1),(1,0,0,1;1)>(2,0,0,1;1),(1,0,0,1;1)>(1,1,0,1;1),(2,0,0,1;1)>(2,1,0,1;1),(0,1,0,1;1)>(1,1,0,1;1),(1,1,0,1;1)>(2,1,0,1;1),(2,1,0,1;1)>(2,1,0,0;2)}
17081:(2,2,2,0,2,1,1,1,1,0,0,1,0,1,0,0,3,0,2,0,1,0,0,0):7:0.083333333333333329:{(0,0,0,0;0)>(0,1,0,0;1),(0,0,0,0;0)>(0,0,0,1;1),(0,1,0,0;1)>(0,1,0,1;1),(2,1,0,0;2)>(2,0,0,0;2),(0,0,0,1;1)>(1,0,0,1;1),(0,0,0,1;1)>(0,1,0,1;1),(1,0,0,1;1)>(2,0,0,1;1),(1,0,0,1;1)>(1,1,0,1;1),(2,0,0,1;1)>(2,1,0,1;1),(0,1,0,1;1)>(1,1,0,1;1),(1,1,0,1;1)>(2,1,0,1;1),(2,1,0,1;1)>(2,1,0,0;2)}
17097:(2,2,2,0,2,0,0,2,1,0,0,1,0,1,0,0,3,0,2,0,1,0,0,0):7:0.083333333333333329:{(0,0,0,0;0)>(0,1,0,0;1),(0,0,0,0;0)>(0,0,0,1;1),(0,1,0,0;1)>(0,1,0,1;1),(2,1,0,0;2)>(2,0,0,0;2),(0,0,0,1;1)>(1,0,0,1;1),(0,0,0,1;1)>(0,1,0,1;1),(1,0,0,1;1)>(2,0,0,1;1),(1,0,0,1;1)>(1,1,0,1;1),(2,0,0,1;1)>(2,1,0,1;1),(0,1,0,1;1)>(1,1,0,1;1),(1,1,0,1;1)>(2,1,0,1;1),(2,1,0,1;1)>(2,1,0,0;2)}
17107:(2,2,2,0,2,1,0,2,1,0,0,1,0,1,0,0,3,0,2,0,1,0,0,0):7:0.083333333333333329:{(0,0,0,0;0)>(0,1,0,0;1),(0,0,0,0;0)>(0,0,0,1;1),(0,1,0,0;1)>(0,1,0,1;1),(2,1,0,0;2)>(2,0,0,0;2),(0,0,0,1;1)>(1,0,0,1;1),(0,0,0,1;1)>(0,1,0,1;1),(1,0,0,1;1)>(2,0,0,1;1),(1,0,0,1;1)>(1,1,0,1;1),(2,0,0,1;1)>(2,1,0,1;1),(0,1,0,1;1)>(1,1,0,1;1),(1,1,0,1;1)>(2,1,0,1;1),(2,1,0,1;1)>(2,1,0,0;2)}
17120:(2,2,2,0,2,0,1,2,1,0,0,1,0,1,0,0,3,0,2,0,1,0,0,0):7:0.083333333333333329:{(0,0,0,0;0)>(0,1,0,0;1),(0,0,0,0;0)>(0,0,0,1;1),(0,1,0,0;1)>(0,1,0,1;1),(2,1,0,0;2)>(2,0,0,0;2),(0,0,0,1;1)>(1,0,0,1;1),(0,0,0,1;1)>(0,1,0,1;1),(1,0,0,1;1)>(2,0,0,1;1),(1,0,0,1;1)>(1,1,0,1;1),(2,0,0,1;1)>(2,1,0,1;1),(0,1,0,1;1)>(1,1,0,1;1),(1,1,0,1;1)>(2,1,0,1;1),(2,1,0,1;1)>(2,1,0,0;2)}
17128:(2,2,2,0,2,1,1,2,1,0,0,1,0,1,0,0,3,0,2,0,1,0,0,0):7:0.083333333333333329:{(0,0,0,0;0)>(0,1,0,0;1),(0,0,0,0;0)>(0,0,0,1;1),(0,1,0,0;1)>(0,1,0,1;1),(2,1,0,0;2)>(2,0,0,0;2),(0,0,0,1;1)>(1,0,0,1;1),(0,0,0,1;1)>(0,1,0,1;1),(1,0,0,1;1)>(2,0,0,1;1),(1,0,0,1;1)>(1,1,0,1;1),(2,0,0,1;1)>(2,1,0,1;1),(0,1,0,1;1)>(1,1,0,1;1),(1,1,0,1;1)>(2,1,0,1;1),(2,1,0,1;1)>(2,1,0,0;2)}
17132:(2,2,2,1,2,1,1,2,1,0,0,1,0,1,0,0,3,0,2,0,1,0,0,0):7:0.083333333333333329:{(0,0,0,0;0)>(0,1,0,0;1),(0,0,0,0;0)>(0,0,0,1;1),(0,1,0,0;1)>(0,1,0,1;1),(2,1,0,0;2)>(2,0,0,0;2),(0,0,0,1;1)>(1,0,0,1;1),(0,0,0,1;1)>(0,1,0,1;1),(1,0,0,1;1)>(2,0,0,1;1),(1,0,0,1;1)>(1,1,0,1;1),(2,0,0,1;1)>(2,1,0,1;1),(0,1,0,1;1)>(1,1,0,1;1),(1,1,0,1;1)>(2,1,0,1;1),(2,1,0,1;1)>(2,1,0,0;2)}
17136:(2,2,2,0,2,2,1,2,1,0,0,1,0,1,0,0,3,0,2,0,1,0,0,0):7:0.083333333333333329:{(0,0,0,0;0)>(0,1,0,0;1),(0,0,0,0;0)>(0,0,0,1;1),(0,1,0,0;1)>(0,1,0,1;1),(2,1,0,0;2)>(2,0,0,0;2),(0,0,0,1;1)>(1,0,0,1;1),(0,0,0,1;1)>(0,1,0,1;1),(1,0,0,1;1)>(2,0,0,1;1),(1,0,0,1;1)>(1,1,0,1;1),(2,0,0,1;1)>(2,1,0,1;1),(0,1,0,1;1)>(1,1,0,1;1),(1,1,0,1;1)>(2,1,0,1;1),(2,1,0,1;1)>(2,1,0,0;2)}
17142:(2,2,2,0,2,0,2,2,1,0,0,1,0,1,0,0,3,0,2,0,1,0,0,0):7:0.083333333333333329:{(0,0,0,0;0)>(0,1,0,0;1),(0,0,0,0;0)>(0,0,0,1;1),(0,1,0,0;1)>(0,1,0,1;1),(2,1,0,0;2)>(2,0,0,0;2),(0,0,0,1;1)>(1,0,0,1;1),(0,0,0,1;1)>(0,1,0,1;1),(1,0,0,1;1)>(2,0,0,1;1),(1,0,0,1;1)>(1,1,0,1;1),(2,0,0,1;1)>(2,1,0,1;1),(0,1,0,1;1)>(1,1,0,1;1),(1,1,0,1;1)>(2,1,0,1;1),(2,1,0,1;1)>(2,1,0,0;2)}
17146:(2,2,2,0,2,1,2,2,1,0,0,1,0,1,0,0,3,0,2,0,1,0,0,0):7:0.083333333333333329:{(0,0,0,0;0)>(0,1,0,0;1),(0,0,0,0;0)>(0,0,0,1;1),(0,1,0,0;1)>(0,1,0,1;1),(2,1,0,0;2)>(2,0,0,0;2),(0,0,0,1;1)>(1,0,0,1;1),(0,0,0,1;1)>(0,1,0,1;1),(1,0,0,1;1)>(2,0,0,1;1),(1,0,0,1;1)>(1,1,0,1;1),(2,0,0,1;1)>(2,1,0,1;1),(0,1,0,1;1)>(1,1,0,1;1),(1,1,0,1;1)>(2,1,0,1;1),(2,1,0,1;1)>(2,1,0,0;2)}
17148:(2,2,2,1,2,1,2,2,1,0,0,1,0,1,0,0,3,0,2,0,1,0,0,0):7:0.083333333333333329:{(0,0,0,0;0)>(0,1,0,0;1),(0,0,0,0;0)>(0,0,0,1;1),(0,1,0,0;1)>(0,1,0,1;1),(2,1,0,0;2)>(2,0,0,0;2),(0,0,0,1;1)>(1,0,0,1;1),(0,0,0,1;1)>(0,1,0,1;1),(1,0,0,1;1)>(2,0,0,1;1),(1,0,0,1;1)>(1,1,0,1;1),(2,0,0,1;1)>(2,1,0,1;1),(0,1,0,1;1)>(1,1,0,1;1),(1,1,0,1;1)>(2,1,0,1;1),(2,1,0,1;1)>(2,1,0,0;2)}
17150:(2,2,2,0,2,2,2,2,1,0,0,1,0,1,0,0,3,0,2,0,1,0,0,0):7:0.083333333333333329:{(0,0,0,0;0)>(0,1,0,0;1),(0,0,0,0;0)>(0,0,0,1;1),(0,1,0,0;1)>(0,1,0,1;1),(2,1,0,0;2)>(2,0,0,0;2),(0,0,0,1;1)>(1,0,0,1;1),(0,0,0,1;1)>(0,1,0,1;1),(1,0,0,1;1)>(2,0,0,1;1),(1,0,0,1;1)>(1,1,0,1;1),(2,0,0,1;1)>(2,1,0,1;1),(0,1,0,1;1)>(1,1,0,1;1),(1,1,0,1;1)>(2,1,0,1;1),(2,1,0,1;1)>(2,1,0,0;2)}
17151:(2,2,2,1,2,2,2,2,1,0,0,1,0,1,0,0,3,0,2,0,1,0,0,0):7:0.083333333333333329:{(0,0,0,0;0)>(0,1,0,0;1),(0,0,0,0;0)>(0,0,0,1;1),(0,1,0,0;1)>(0,1,0,1;1),(2,1,0,0;2)>(2,0,0,0;2),(0,0,0,1;1)>(1,0,0,1;1),(0,0,0,1;1)>(0,1,0,1;1),(1,0,0,1;1)>(2,0,0,1;1),(1,0,0,1;1)>(1,1,0,1;1),(2,0,0,1;1)>(2,1,0,1;1),(0,1,0,1;1)>(1,1,0,1;1),(1,1,0,1;1)>(2,1,0,1;1),(2,1,0,1;1)>(2,1,0,0;2)}
17451:(2,2,2,0,2,0,0,1,1,0,0,1,0,1,1,0,3,0,2,0,1,0,0,0):7:0.083333333333333329:{(0,0,0,0;0)>(0,1,0,0;1),(0,0,0,0;0)>(0,0,0,1;1),(0,1,0,0;1)>(0,1,0,1;1),(2,1,0,0;2)>(2,0,0,0;2),(0,0,0,1;1)>(1,0,0,1;1),(0,0,0,1;1)>(0,1,0,1;1),(1,0,0,1;1)>(2,0,0,1;1),(1,0,0,1;1)>(1,1,0,1;1),(2,0,0,1;1)>(2,1,0,1;1),(0,1,0,1;1)>(1,1,0,1;1),(1,1,0,1;1)>(2,1,0,1;1),(2,1,0,1;1)>(2,1,0,0;2)}
17473:(2,2,2,0,2,0,1,1,1,0,0,1,0,1,1,0,3,0,2,0,1,0,0,0):7:0.083333333333333329:{(0,0,0,0;0)>(0,1,0,0;1),(0,0,0,0;0)>(0,0,0,1;1),(0,1,0,0;1)>(0,1,0,1;1),(2,1,0,0;2)>(2,0,0,0;2),(0,0,0,1;1)>(1,0,0,1;1),(0,0,0,1;1)>(0,1,0,1;1),(1,0,0,1;1)>(2,0,0,1;1),(1,0,0,1;1)>(1,1,0,1;1),(2,0,0,1;1)>(2,1,0,1;1),(0,1,0,1;1)>(1,1,0,1;1),(1,1,0,1;1)>(2,1,0,1;1),(2,1,0,1;1)>(2,1,0,0;2)}
17483:(2,2,2,0,2,1,1,1,1,0,0,1,0,1,1,0,3,0,2,0,1,0,0,0):7:0.083333333333333329:{(0,0,0,0;0)>(0,1,0,0;1),(0,0,0,0;0)>(0,0,0,1;1),(0,1,0,0;1)>(0,1,0,1;1),(2,1,0,0;2)>(2,0,0,0;2),(0,0,0,1;1)>(1,0,0,1;1),(0,0,0,1;1)>(0,1,0,1;1),(1,0,0,1;1)>(2,0,0,1;1),(1,0,0,1;1)>(1,1,0,1;1),(2,0,0,1;1)>(2,1,0,1;1),(0,1,0,1;1)>(1,1,0,1;1),(1,1,0,1;1)>(2,1,0,1;1),(2,1,0,1;1)>(2,1,0,0;2)}
17499:(2,2,2,0,2,0,0,2,1,0,0,1,0,1,1,0,3,0,2,0,1,0,0,0):7:0.083333333333333329:{(0,0,0,0;0)>(0,1,0,0;1),(0,0,0,0;0)>(0,0,0,1;1),(0,1,0,0;1)>(0,1,0,1;1),(2,1,0,0;2)>(2,0,0,0;2),(0,0,0,1;1)>(1,0,0,1;1),(0,0,0,1;1)>(0,1,0,1;1),(1,0,0,1;1)>(2,0,0,1;1),(1,0,0,1;1)>(1,1,0,1;1),(2,0,0,1;1)>(2,1,0,1;1),(0,1,0,1;1)>(1,1,0,1;1),(1,1,0,1;1)>(2,1,0,1;1),(2,1,0,1;1)>(2,1,0,0;2)}
17509:(2,2,2,0,2,1,0,2,1,0,0,1,0,1,1,0,3,0,2,0,1,0,0,0):7:0.083333333333333329:{(0,0,0,0;0)>(0,1,0,0;1),(0,0,0,0;0)>(0,0,0,1;1),(0,1,0,0;1)>(0,1,0,1;1),(2,1,0,0;2)>(2,0,0,0;2),(0,0,0,1;1)>(1,0,0,1;1),(0,0,0,1;1)>(0,1,0,1;1),(1,0,0,1;1)>(2,0,0,1;1),(1,0,0,1;1)>(1,1,0,1;1),(2,0,0,1;1)>(2,1,0,1;1),(0,1,0,1;1)>(1,1,0,1;1),(1,1,0,1;1)>(2,1,0,1;1),(2,1,0,1;1)>(2,1,0,0;2)}
17522:(2,2,2,0,2,0,1,2,1,0,0,1,0,1,1,0,3,0,2,0,1,0,0,0):7:0.083333333333333329:{(0,0,0,0;0)>(0,1,0,0;1),(0,0,0,0;0)>(0,0,0,1;1),(0,1,0,0;1)>(0,1,0,1;1),(2,1,0,0;2)>(2,0,0,0;2),(0,0,0,1;1)>(1,0,0,1;1),(0,0,0,1;1)>(0,1,0,1;1),(1,0,0,1;1)>(2,0,0,1;1),(1,0,0,1;1)>(1,1,0,1;1),(2,0,0,1;1)>(2,1,0,1;1),(0,1,0,1;1)>(1,1,0,1;1),(1,1,0,1;1)>(2,1,0,1;1),(2,1,0,1;1)>(2,1,0,0;2)}
17530:(2,2,2,0,2,1,1,2,1,0,0,1,0,1,1,0,3,0,2,0,1,0,0,0):7:0.083333333333333329:{(0,0,0,0;0)>(0,1,0,0;1),(0,0,0,0;0)>(0,0,0,1;1),(0,1,0,0;1)>(0,1,0,1;1),(2,1,0,0;2)>(2,0,0,0;2),(0,0,0,1;1)>(1,0,0,1;1),(0,0,0,1;1)>(0,1,0,1;1),(1,0,0,1;1)>(2,0,0,1;1),(1,0,0,1;1)>(1,1,0,1;1),(2,0,0,1;1)>(2,1,0,1;1),(0,1,0,1;1)>(1,1,0,1;1),(1,1,0,1;1)>(2,1,0,1;1),(2,1,0,1;1)>(2,1,0,0;2)}
17534:(2,2,2,1,2,1,1,2,1,0,0,1,0,1,1,0,3,0,2,0,1,0,0,0):7:0.083333333333333329:{(0,0,0,0;0)>(0,1,0,0;1),(0,0,0,0;0)>(0,0,0,1;1),(0,1,0,0;1)>(0,1,0,1;1),(2,1,0,0;2)>(2,0,0,0;2),(0,0,0,1;1)>(1,0,0,1;1),(0,0,0,1;1)>(0,1,0,1;1),(1,0,0,1;1)>(2,0,0,1;1),(1,0,0,1;1)>(1,1,0,1;1),(2,0,0,1;1)>(2,1,0,1;1),(0,1,0,1;1)>(1,1,0,1;1),(1,1,0,1;1)>(2,1,0,1;1),(2,1,0,1;1)>(2,1,0,0;2)}
17538:(2,2,2,0,2,2,1,2,1,0,0,1,0,1,1,0,3,0,2,0,1,0,0,0):7:0.083333333333333329:{(0,0,0,0;0)>(0,1,0,0;1),(0,0,0,0;0)>(0,0,0,1;1),(0,1,0,0;1)>(0,1,0,1;1),(2,1,0,0;2)>(2,0,0,0;2),(0,0,0,1;1)>(1,0,0,1;1),(0,0,0,1;1)>(0,1,0,1;1),(1,0,0,1;1)>(2,0,0,1;1),(1,0,0,1;1)>(1,1,0,1;1),(2,0,0,1;1)>(2,1,0,1;1),(0,1,0,1;1)>(1,1,0,1;1),(1,1,0,1;1)>(2,1,0,1;1),(2,1,0,1;1)>(2,1,0,0;2)}
17544:(2,2,2,0,2,0,2,2,1,0,0,1,0,1,1,0,3,0,2,0,1,0,0,0):7:0.083333333333333329:{(0,0,0,0;0)>(0,1,0,0;1),(0,0,0,0;0)>(0,0,0,1;1),(0,1,0,0;1)>(0,1,0,1;1),(2,1,0,0;2)>(2,0,0,0;2),(0,0,0,1;1)>(1,0,0,1;1),(0,0,0,1;1)>(0,1,0,1;1),(1,0,0,1;1)>(2,0,0,1;1),(1,0,0,1;1)>(1,1,0,1;1),(2,0,0,1;1)>(2,1,0,1;1),(0,1,0,1;1)>(1,1,0,1;1),(1,1,0,1;1)>(2,1,0,1;1),(2,1,0,1;1)>(2,1,0,0;2)}
17548:(2,2,2,0,2,1,2,2,1,0,0,1,0,1,1,0,3,0,2,0,1,0,0,0):7:0.083333333333333329:{(0,0,0,0;0)>(0,1,0,0;1),(0,0,0,0;0)>(0,0,0,1;1),(0,1,0,0;1)>(0,1,0,1;1),(2,1,0,0;2)>(2,0,0,0;2),(0,0,0,1;1)>(1,0,0,1;1),(0,0,0,1;1)>(0,1,0,1;1),(1,0,0,1;1)>(2,0,0,1;1),(1,0,0,1;1)>(1,1,0,1;1),(2,0,0,1;1)>(2,1,0,1;1),(0,1,0,1;1)>(1,1,0,1;1),(1,1,0,1;1)>(2,1,0,1;1),(2,1,0,1;1)>(2,1,0,0;2)}
17550:(2,2,2,1,2,1,2,2,1,0,0,1,0,1,1,0,3,0,2,0,1,0,0,0):7:0.083333333333333329:{(0,0,0,0;0)>(0,1,0,0;1),(0,0,0,0;0)>(0,0,0,1;1),(0,1,0,0;1)>(0,1,0,1;1),(2,1,0,0;2)>(2,0,0,0;2),(0,0,0,1;1)>(1,0,0,1;1),(0,0,0,1;1)>(0,1,0,1;1),(1,0,0,1;1)>(2,0,0,1;1),(1,0,0,1;1)>(1,1,0,1;1),(2,0,0,1;1)>(2,1,0,1;1),(0,1,0,1;1)>(1,1,0,1;1),(1,1,0,1;1)>(2,1,0,1;1),(2,1,0,1;1)>(2,1,0,0;2)}
17552:(2,2,2,0,2,2,2,2,1,0,0,1,0,1,1,0,3,0,2,0,1,0,0,0):7:0.083333333333333329:{(0,0,0,0;0)>(0,1,0,0;1),(0,0,0,0;0)>(0,0,0,1;1),(0,1,0,0;1)>(0,1,0,1;1),(2,1,0,0;2)>(2,0,0,0;2),(0,0,0,1;1)>(1,0,0,1;1),(0,0,0,1;1)>(0,1,0,1;1),(1,0,0,1;1)>(2,0,0,1;1),(1,0,0,1;1)>(1,1,0,1;1),(2,0,0,1;1)>(2,1,0,1;1),(0,1,0,1;1)>(1,1,0,1;1),(1,1,0,1;1)>(2,1,0,1;1),(2,1,0,1;1)>(2,1,0,0;2)}
17553:(2,2,2,1,2,2,2,2,1,0,0,1,0,1,1,0,3,0,2,0,1,0,0,0):7:0.083333333333333329:{(0,0,0,0;0)>(0,1,0,0;1),(0,0,0,0;0)>(0,0,0,1;1),(0,1,0,0;1)>(0,1,0,1;1),(2,1,0,0;2)>(2,0,0,0;2),(0,0,0,1;1)>(1,0,0,1;1),(0,0,0,1;1)>(0,1,0,1;1),(1,0,0,1;1)>(2,0,0,1;1),(1,0,0,1;1)>(1,1,0,1;1),(2,0,0,1;1)>(2,1,0,1;1),(0,1,0,1;1)>(1,1,0,1;1),(1,1,0,1;1)>(2,1,0,1;1),(2,1,0,1;1)>(2,1,0,0;2)}
17719:(2,2,2,0,2,0,0,1,1,0,1,1,0,1,1,0,3,0,2,0,1,0,0,0):7:0.083333333333333329:{(0,0,0,0;0)>(0,1,0,0;1),(0,0,0,0;0)>(0,0,0,1;1),(0,1,0,0;1)>(0,1,0,1;1),(2,1,0,0;2)>(2,0,0,0;2),(0,0,0,1;1)>(1,0,0,1;1),(0,0,0,1;1)>(0,1,0,1;1),(1,0,0,1;1)>(2,0,0,1;1),(1,0,0,1;1)>(1,1,0,1;1),(2,0,0,1;1)>(2,1,0,1;1),(0,1,0,1;1)>(1,1,0,1;1),(1,1,0,1;1)>(2,1,0,1;1),(2,1,0,1;1)>(2,1,0,0;2)}
17741:(2,2,2,0,2,0,1,1,1,0,1,1,0,1,1,0,3,0,2,0,1,0,0,0):7:0.083333333333333329:{(0,0,0,0;0)>(0,1,0,0;1),(0,0,0,0;0)>(0,0,0,1;1),(0,1,0,0;1)>(0,1,0,1;1),(2,1,0,0;2)>(2,0,0,0;2),(0,0,0,1;1)>(1,0,0,1;1),(0,0,0,1;1)>(0,1,0,1;1),(1,0,0,1;1)>(2,0,0,1;1),(1,0,0,1;1)>(1,1,0,1;1),(2,0,0,1;1)>(2,1,0,1;1),(0,1,0,1;1)>(1,1,0,1;1),(1,1,0,1;1)>(2,1,0,1;1),(2,1,0,1;1)>(2,1,0,0;2)}
17751:(2,2,2,0,2,1,1,1,1,0,1,1,0,1,1,0,3,0,2,0,1,0,0,0):7:0.083333333333333329:{(0,0,0,0;0)>(0,1,0,0;1),(0,0,0,0;0)>(0,0,0,1;1),(0,1,0,0;1)>(0,1,0,1;1),(2,1,0,0;2)>(2,0,0,0;2),(0,0,0,1;1)>(1,0,0,1;1),(0,0,0,1;1)>(0,1,0,1;1),(1,0,0,1;1)>(2,0,0,1;1),(1,0,0,1;1)>(1,1,0,1;1),(2,0,0,1;1)>(2,1,0,1;1),(0,1,0,1;1)>(1,1,0,1;1),(1,1,0,1;1)>(2,1,0,1;1),(2,1,0,1;1)>(2,1,0,0;2)}
17767:(2,2,2,0,2,0,0,2,1,0,1,1,0,1,1,0,3,0,2,0,1,0,0,0):7:0.083333333333333329:{(0,0,0,0;0)>(0,1,0,0;1),(0,0,0,0;0)>(0,0,0,1;1),(0,1,0,0;1)>(0,1,0,1;1),(2,1,0,0;2)>(2,0,0,0;2),(0,0,0,1;1)>(1,0,0,1;1),(0,0,0,1;1)>(0,1,0,1;1),(1,0,0,1;1)>(2,0,0,1;1),(1,0,0,1;1)>(1,1,0,1;1),(2,0,0,1;1)>(2,1,0,1;1),(0,1,0,1;1)>(1,1,0,1;1),(1,1,0,1;1)>(2,1,0,1;1),(2,1,0,1;1)>(2,1,0,0;2)}
17777:(2,2,2,0,2,1,0,2,1,0,1,1,0,1,1,0,3,0,2,0,1,0,0,0):7:0.083333333333333329:{(0,0,0,0;0)>(0,1,0,0;1),(0,0,0,0;0)>(0,0,0,1;1),(0,1,0,0;1)>(0,1,0,1;1),(2,1,0,0;2)>(2,0,0,0;2),(0,0,0,1;1)>(1,0,0,1;1),(0,0,0,1;1)>(0,1,0,1;1),(1,0,0,1;1)>(2,0,0,1;1),(1,0,0,1;1)>(1,1,0,1;1),(2,0,0,1;1)>(2,1,0,1;1),(0,1,0,1;1)>(1,1,0,1;1),(1,1,0,1;1)>(2,1,0,1;1),(2,1,0,1;1)>(2,1,0,0;2)}
17790:(2,2,2,0,2,0,1,2,1,0,1,1,0,1,1,0,3,0,2,0,1,0,0,0):7:0.083333333333333329:{(0,0,0,0;0)>(0,1,0,0;1),(0,0,0,0;0)>(0,0,0,1;1),(0,1,0,0;1)>(0,1,0,1;1),(2,1,0,0;2)>(2,0,0,0;2),(0,0,0,1;1)>(1,0,0,1;1),(0,0,0,1;1)>(0,1,0,1;1),(1,0,0,1;1)>(2,0,0,1;1),(1,0,0,1;1)>(1,1,0,1;1),(2,0,0,1;1)>(2,1,0,1;1),(0,1,0,1;1)>(1,1,0,1;1),(1,1,0,1;1)>(2,1,0,1;1),(2,1,0,1;1)>(2,1,0,0;2)}
17798:(2,2,2,0,2,1,1,2,1,0,1,1,0,1,1,0,3,0,2,0,1,0,0,0):7:0.083333333333333329:{(0,0,0,0;0)>(0,1,0,0;1),(0,0,0,0;0)>(0,0,0,1;1),(0,1,0,0;1)>(0,1,0,1;1),(2,1,0,0;2)>(2,0,0,0;2),(0,0,0,1;1)>(1,0,0,1;1),(0,0,0,1;1)>(0,1,0,1;1),(1,0,0,1;1)>(2,0,0,1;1),(1,0,0,1;1)>(1,1,0,1;1),(2,0,0,1;1)>(2,1,0,1;1),(0,1,0,1;1)>(1,1,0,1;1),(1,1,0,1;1)>(2,1,0,1;1),(2,1,0,1;1)>(2,1,0,0;2)}
17802:(2,2,2,1,2,1,1,2,1,0,1,1,0,1,1,0,3,0,2,0,1,0,0,0):7:0.083333333333333329:{(0,0,0,0;0)>(0,1,0,0;1),(0,0,0,0;0)>(0,0,0,1;1),(0,1,0,0;1)>(0,1,0,1;1),(2,1,0,0;2)>(2,0,0,0;2),(0,0,0,1;1)>(1,0,0,1;1),(0,0,0,1;1)>(0,1,0,1;1),(1,0,0,1;1)>(2,0,0,1;1),(1,0,0,1;1)>(1,1,0,1;1),(2,0,0,1;1)>(2,1,0,1;1),(0,1,0,1;1)>(1,1,0,1;1),(1,1,0,1;1)>(2,1,0,1;1),(2,1,0,1;1)>(2,1,0,0;2)}
17806:(2,2,2,0,2,2,1,2,1,0,1,1,0,1,1,0,3,0,2,0,1,0,0,0):7:0.083333333333333329:{(0,0,0,0;0)>(0,1,0,0;1),(0,0,0,0;0)>(0,0,0,1;1),(0,1,0,0;1)>(0,1,0,1;1),(2,1,0,0;2)>(2,0,0,0;2),(0,0,0,1;1)>(1,0,0,1;1),(0,0,0,1;1)>(0,1,0,1;1),(1,0,0,1;1)>(2,0,0,1;1),(1,0,0,1;1)>(1,1,0,1;1),(2,0,0,1;1)>(2,1,0,1;1),(0,1,0,1;1)>(1,1,0,1;1),(1,1,0,1;1)>(2,1,0,1;1),(2,1,0,1;1)>(2,1,0,0;2)}
17812:(2,2,2,0,2,0,2,2,1,0,1,1,0,1,1,0,3,0,2,0,1,0,0,0):7:0.083333333333333329:{(0,0,0,0;0)>(0,1,0,0;1),(0,0,0,0;0)>(0,0,0,1;1),(0,1,0,0;1)>(0,1,0,1;1),(2,1,0,0;2)>(2,0,0,0;2),(0,0,0,1;1)>(1,0,0,1;1),(0,0,0,1;1)>(0,1,0,1;1),(1,0,0,1;1)>(2,0,0,1;1),(1,0,0,1;1)>(1,1,0,1;1),(2,0,0,1;1)>(2,1,0,1;1),(0,1,0,1;1)>(1,1,0,1;1),(1,1,0,1;1)>(2,1,0,1;1),(2,1,0,1;1)>(2,1,0,0;2)}
17816:(2,2,2,0,2,1,2,2,1,0,1,1,0,1,1,0,3,0,2,0,1,0,0,0):7:0.083333333333333329:{(0,0,0,0;0)>(0,1,0,0;1),(0,0,0,0;0)>(0,0,0,1;1),(0,1,0,0;1)>(0,1,0,1;1),(2,1,0,0;2)>(2,0,0,0;2),(0,0,0,1;1)>(1,0,0,1;1),(0,0,0,1;1)>(0,1,0,1;1),(1,0,0,1;1)>(2,0,0,1;1),(1,0,0,1;1)>(1,1,0,1;1),(2,0,0,1;1)>(2,1,0,1;1),(0,1,0,1;1)>(1,1,0,1;1),(1,1,0,1;1)>(2,1,0,1;1),(2,1,0,1;1)>(2,1,0,0;2)}
17818:(2,2,2,1,2,1,2,2,1,0,1,1,0,1,1,0,3,0,2,0,1,0,0,0):7:0.083333333333333329:{(0,0,0,0;0)>(0,1,0,0;1),(0,0,0,0;0)>(0,0,0,1;1),(0,1,0,0;1)>(0,1,0,1;1),(2,1,0,0;2)>(2,0,0,0;2),(0,0,0,1;1)>(1,0,0,1;1),(0,0,0,1;1)>(0,1,0,1;1),(1,0,0,1;1)>(2,0,0,1;1),(1,0,0,1;1)>(1,1,0,1;1),(2,0,0,1;1)>(2,1,0,1;1),(0,1,0,1;1)>(1,1,0,1;1),(1,1,0,1;1)>(2,1,0,1;1),(2,1,0,1;1)>(2,1,0,0;2)}
17820:(2,2,2,0,2,2,2,2,1,0,1,1,0,1,1,0,3,0,2,0,1,0,0,0):7:0.083333333333333329:{(0,0,0,0;0)>(0,1,0,0;1),(0,0,0,0;0)>(0,0,0,1;1),(0,1,0,0;1)>(0,1,0,1;1),(2,1,0,0;2)>(2,0,0,0;2),(0,0,0,1;1)>(1,0,0,1;1),(0,0,0,1;1)>(0,1,0,1;1),(1,0,0,1;1)>(2,0,0,1;1),(1,0,0,1;1)>(1,1,0,1;1),(2,0,0,1;1)>(2,1,0,1;1),(0,1,0,1;1)>(1,1,0,1;1),(1,1,0,1;1)>(2,1,0,1;1),(2,1,0,1;1)>(2,1,0,0;2)}
17821:(2,2,2,1,2,2,2,2,1,0,1,1,0,1,1,0,3,0,2,0,1,0,0,0):7:0.083333333333333329:{(0,0,0,0;0)>(0,1,0,0;1),(0,0,0,0;0)>(0,0,0,1;1),(0,1,0,0;1)>(0,1,0,1;1),(2,1,0,0;2)>(2,0,0,0;2),(0,0,0,1;1)>(1,0,0,1;1),(0,0,0,1;1)>(0,1,0,1;1),(1,0,0,1;1)>(2,0,0,1;1),(1,0,0,1;1)>(1,1,0,1;1),(2,0,0,1;1)>(2,1,0,1;1),(0,1,0,1;1)>(1,1,0,1;1),(1,1,0,1;1)>(2,1,0,1;1),(2,1,0,1;1)>(2,1,0,0;2)}
17853:(2,2,2,0,2,0,0,1,1,0,0,1,0,1,1,1,3,0,2,0,1,0,0,0):7:0.083333333333333329:{(0,0,0,0;0)>(0,1,0,0;1),(0,0,0,0;0)>(0,0,0,1;1),(0,1,0,0;1)>(0,1,0,1;1),(2,1,0,0;2)>(2,0,0,0;2),(0,0,0,1;1)>(1,0,0,1;1),(0,0,0,1;1)>(0,1,0,1;1),(1,0,0,1;1)>(2,0,0,1;1),(1,0,0,1;1)>(1,1,0,1;1),(2,0,0,1;1)>(2,1,0,1;1),(0,1,0,1;1)>(1,1,0,1;1),(1,1,0,1;1)>(2,1,0,1;1),(2,1,0,1;1)>(2,1,0,0;2)}
17875:(2,2,2,0,2,0,1,1,1,0,0,1,0,1,1,1,3,0,2,0,1,0,0,0):7:0.083333333333333329:{(0,0,0,0;0)>(0,1,0,0;1),(0,0,0,0;0)>(0,0,0,1;1),(0,1,0,0;1)>(0,1,0,1;1),(2,1,0,0;2)>(2,0,0,0;2),(0,0,0,1;1)>(1,0,0,1;1),(0,0,0,1;1)>(0,1,0,1;1),(1,0,0,1;1)>(2,0,0,1;1),(1,0,0,1;1)>(1,1,0,1;1),(2,0,0,1;1)>(2,1,0,1;1),(0,1,0,1;1)>(1,1,0,1;1),(1,1,0,1;1)>(2,1,0,1;1),(2,1,0,1;1)>(2,1,0,0;2)}
17885:(2,2,2,0,2,1,1,1,1,0,0,1,0,1,1,1,3,0,2,0,1,0,0,0):7:0.083333333333333329:{(0,0,0,0;0)>(0,1,0,0;1),(0,0,0,0;0)>(0,0,0,1;1),(0,1,0,0;1)>(0,1,0,1;1),(2,1,0,0;2)>(2,0,0,0;2),(0,0,0,1;1)>(1,0,0,1;1),(0,0,0,1;1)>(0,1,0,1;1),(1,0,0,1;1)>(2,0,0,1;1),(1,0,0,1;1)>(1,1,0,1;1),(2,0,0,1;1)>(2,1,0,1;1),(0,1,0,1;1)>(1,1,0,1;1),(1,1,0,1;1)>(2,1,0,1;1),(2,1,0,1;1)>(2,1,0,0;2)}
17901:(2,2,2,0,2,0,0,2,1,0,0,1,0,1,1,1,3,0,2,0,1,0,0,0):7:0.083333333333333329:{(0,0,0,0;0)>(0,1,0,0;1),(0,0,0,0;0)>(0,0,0,1;1),(0,1,0,0;1)>(0,1,0,1;1),(2,1,0,0;2)>(2,0,0,0;2),(0,0,0,1;1)>(1,0,0,1;1),(0,0,0,1;1)>(0,1,0,1;1),(1,0,0,1;1)>(2,0,0,1;1),(1,0,0,1;1)>(1,1,0,1;1),(2,0,0,1;1)>(2,1,0,1;1),(0,1,0,1;1)>(1,1,0,1;1),(1,1,0,1;1)>(2,1,0,1;1),(2,1,0,1;1)>(2,1,0,0;2)}
17911:(2,2,2,0,2,1,0,2,1,0,0,1,0,1,1,1,3,0,2,0,1,0,0,0):7:0.083333333333333329:{(0,0,0,0;0)>(0,1,0,0;1),(0,0,0,0;0)>(0,0,0,1;1),(0,1,0,0;1)>(0,1,0,1;1),(2,1,0,0;2)>(2,0,0,0;2),(0,0,0,1;1)>(1,0,0,1;1),(0,0,0,1;1)>(0,1,0,1;1),(1,0,0,1;1)>(2,0,0,1;1),(1,0,0,1;1)>(1,1,0,1;1),(2,0,0,1;1)>(2,1,0,1;1),(0,1,0,1;1)>(1,1,0,1;1),(1,1,0,1;1)>(2,1,0,1;1),(2,1,0,1;1)>(2,1,0,0;2)}
17924:(2,2,2,0,2,0,1,2,1,0,0,1,0,1,1,1,3,0,2,0,1,0,0,0):7:0.083333333333333329:{(0,0,0,0;0)>(0,1,0,0;1),(0,0,0,0;0)>(0,0,0,1;1),(0,1,0,0;1)>(0,1,0,1;1),(2,1,0,0;2)>(2,0,0,0;2),(0,0,0,1;1)>(1,0,0,1;1),(0,0,0,1;1)>(0,1,0,1;1),(1,0,0,1;1)>(2,0,0,1;1),(1,0,0,1;1)>(1,1,0,1;1),(2,0,0,1;1)>(2,1,0,1;1),(0,1,0,1;1)>(1,1,0,1;1),(1,1,0,1;1)>(2,1,0,1;1),(2,1,0,1;1)>(2,1,0,0;2)}
17932:(2,2,2,0,2,1,1,2,1,0,0,1,0,1,1,1,3,0,2,0,1,0,0,0):7:0.083333333333333329:{(0,0,0,0;0)>(0,1,0,0;1),(0,0,0,0;0)>(0,0,0,1;1),(0,1,0,0;1)>(0,1,0,1;1),(2,1,0,0;2)>(2,0,0,0;2),(0,0,0,1;1)>(1,0,0,1;1),(0,0,0,1;1)>(0,1,0,1;1),(1,0,0,1;1)>(2,0,0,1;1),(1,0,0,1;1)>(1,1,0,1;1),(2,0,0,1;1)>(2,1,0,1;1),(0,1,0,1;1)>(1,1,0,1;1),(1,1,0,1;1)>(2,1,0,1;1),(2,1,0,1;1)>(2,1,0,0;2)}
17936:(2,2,2,1,2,1,1,2,1,0,0,1,0,1,1,1,3,0,2,0,1,0,0,0):7:0.083333333333333329:{(0,0,0,0;0)>(0,1,0,0;1),(0,0,0,0;0)>(0,0,0,1;1),(0,1,0,0;1)>(0,1,0,1;1),(2,1,0,0;2)>(2,0,0,0;2),(0,0,0,1;1)>(1,0,0,1;1),(0,0,0,1;1)>(0,1,0,1;1),(1,0,0,1;1)>(2,0,0,1;1),(1,0,0,1;1)>(1,1,0,1;1),(2,0,0,1;1)>(2,1,0,1;1),(0,1,0,1;1)>(1,1,0,1;1),(1,1,0,1;1)>(2,1,0,1;1),(2,1,0,1;1)>(2,1,0,0;2)}
17940:(2,2,2,0,2,2,1,2,1,0,0,1,0,1,1,1,3,0,2,0,1,0,0,0):7:0.083333333333333329:{(0,0,0,0;0)>(0,1,0,0;1),(0,0,0,0;0)>(0,0,0,1;1),(0,1,0,0;1)>(0,1,0,1;1),(2,1,0,0;2)>(2,0,0,0;2),(0,0,0,1;1)>(1,0,0,1;1),(0,0,0,1;1)>(0,1,0,1;1),(1,0,0,1;1)>(2,0,0,1;1),(1,0,0,1;1)>(1,1,0,1;1),(2,0,0,1;1)>(2,1,0,1;1),(0,1,0,1;1)>(1,1,0,1;1),(1,1,0,1;1)>(2,1,0,1;1),(2,1,0,1;1)>(2,1,0,0;2)}
17946:(2,2,2,0,2,0,2,2,1,0,0,1,0,1,1,1,3,0,2,0,1,0,0,0):7:0.083333333333333329:{(0,0,0,0;0)>(0,1,0,0;1),(0,0,0,0;0)>(0,0,0,1;1),(0,1,0,0;1)>(0,1,0,1;1),(2,1,0,0;2)>(2,0,0,0;2),(0,0,0,1;1)>(1,0,0,1;1),(0,0,0,1;1)>(0,1,0,1;1),(1,0,0,1;1)>(2,0,0,1;1),(1,0,0,1;1)>(1,1,0,1;1),(2,0,0,1;1)>(2,1,0,1;1),(0,1,0,1;1)>(1,1,0,1;1),(1,1,0,1;1)>(2,1,0,1;1),(2,1,0,1;1)>(2,1,0,0;2)}
17950:(2,2,2,0,2,1,2,2,1,0,0,1,0,1,1,1,3,0,2,0,1,0,0,0):7:0.083333333333333329:{(0,0,0,0;0)>(0,1,0,0;1),(0,0,0,0;0)>(0,0,0,1;1),(0,1,0,0;1)>(0,1,0,1;1),(2,1,0,0;2)>(2,0,0,0;2),(0,0,0,1;1)>(1,0,0,1;1),(0,0,0,1;1)>(0,1,0,1;1),(1,0,0,1;1)>(2,0,0,1;1),(1,0,0,1;1)>(1,1,0,1;1),(2,0,0,1;1)>(2,1,0,1;1),(0,1,0,1;1)>(1,1,0,1;1),(1,1,0,1;1)>(2,1,0,1;1),(2,1,0,1;1)>(2,1,0,0;2)}
17952:(2,2,2,1,2,1,2,2,1,0,0,1,0,1,1,1,3,0,2,0,1,0,0,0):7:0.083333333333333329:{(0,0,0,0;0)>(0,1,0,0;1),(0,0,0,0;0)>(0,0,0,1;1),(0,1,0,0;1)>(0,1,0,1;1),(2,1,0,0;2)>(2,0,0,0;2),(0,0,0,1;1)>(1,0,0,1;1),(0,0,0,1;1)>(0,1,0,1;1),(1,0,0,1;1)>(2,0,0,1;1),(1,0,0,1;1)>(1,1,0,1;1),(2,0,0,1;1)>(2,1,0,1;1),(0,1,0,1;1)>(1,1,0,1;1),(1,1,0,1;1)>(2,1,0,1;1),(2,1,0,1;1)>(2,1,0,0;2)}
17954:(2,2,2,0,2,2,2,2,1,0,0,1,0,1,1,1,3,0,2,0,1,0,0,0):7:0.083333333333333329:{(0,0,0,0;0)>(0,1,0,0;1),(0,0,0,0;0)>(0,0,0,1;1),(0,1,0,0;1)>(0,1,0,1;1),(2,1,0,0;2)>(2,0,0,0;2),(0,0,0,1;1)>(1,0,0,1;1),(0,0,0,1;1)>(0,1,0,1;1),(1,0,0,1;1)>(2,0,0,1;1),(1,0,0,1;1)>(1,1,0,1;1),(2,0,0,1;1)>(2,1,0,1;1),(0,1,0,1;1)>(1,1,0,1;1),(1,1,0,1;1)>(2,1,0,1;1),(2,1,0,1;1)>(2,1,0,0;2)}
17955:(2,2,2,1,2,2,2,2,1,0,0,1,0,1,1,1,3,0,2,0,1,0,0,0):7:0.083333333333333329:{(0,0,0,0;0)>(0,1,0,0;1),(0,0,0,0;0)>(0,0,0,1;1),(0,1,0,0;1)>(0,1,0,1;1),(2,1,0,0;2)>(2,0,0,0;2),(0,0,0,1;1)>(1,0,0,1;1),(0,0,0,1;1)>(0,1,0,1;1),(1,0,0,1;1)>(2,0,0,1;1),(1,0,0,1;1)>(1,1,0,1;1),(2,0,0,1;1)>(2,1,0,1;1),(0,1,0,1;1)>(1,1,0,1;1),(1,1,0,1;1)>(2,1,0,1;1),(2,1,0,1;1)>(2,1,0,0;2)}
