[0,0,0,0,1,0,0,0,1,0,0,0]
0.0578704
[1,0,0,0,1,0,0,0,1,0,0,0]
0.0833333
[0,1,0,0,1,0,0,0,1,0,0,0]
0.0347222
[1,1,0,0,1,0,0,0,1,0,0,0]
0.0486111
[0,0,1,0,1,0,0,0,1,0,0,0]
0.0462963
[1,0,1,0,1,0,0,0,1,0,0,0]
0.0833333
[0,1,1,0,1,0,0,0,1,0,0,0]
0.0277778
[1,1,1,0,1,0,0,0,1,0,0,0]
0.0486111
[0,0,0,1,1,0,0,0,1,0,0,0]
0.0347222
[1,0,0,1,1,0,0,0,1,0,0,0]
0.0416667
[0,1,0,1,1,0,0,0,1,0,0,0]
0.0208333
[1,1,0,1,1,0,0,0,1,0,0,0]
0.0243056
[0,0,0,0,0,1,0,0,1,0,0,0]
0.09375
[1,0,0,0,0,1,0,0,1,0,0,0]
0.0625
[0,1,0,0,0,1,0,0,1,0,0,0]
0.037037
[1,1,0,0,0,1,0,0,1,0,0,0]
0.0231481
[0,0,0,1,0,1,0,0,1,0,0,0]
0.09375
[1,0,0,1,0,1,0,0,1,0,0,0]
0.0625
[0,1,0,1,0,1,0,0,1,0,0,0]
0.037037
[1,1,0,1,0,1,0,0,1,0,0,0]
0.0231481
[0,0,0,0,1,1,0,0,1,0,0,0]
0.115741
[1,0,0,0,1,1,0,0,1,0,0,0]
0.125
[0,1,0,0,1,1,0,0,1,0,0,0]
0.0694444
[1,1,0,0,1,1,0,0,1,0,0,0]
0.0729167
[0,0,1,0,1,1,0,0,1,0,0,0]
0.0925926
[1,0,1,0,1,1,0,0,1,0,0,0]
0.125
[0,1,1,0,1,1,0,0,1,0,0,0]
0.0555556
[1,1,1,0,1,1,0,0,1,0,0,0]
0.0729167
[0,0,0,1,1,1,0,0,1,0,0,0]
0.0694444
[1,0,0,1,1,1,0,0,1,0,0,0]
0.0625
[0,1,0,1,1,1,0,0,1,0,0,0]
0.0416667
[1,1,0,1,1,1,0,0,1,0,0,0]
0.0364583
[0,0,0,0,1,0,1,0,1,0,0,0]
0.0347222
[1,0,0,0,1,0,1,0,1,0,0,0]
0.0555556
[0,1,0,0,1,0,1,0,1,0,0,0]
0.0173611
[1,1,0,0,1,0,1,0,1,0,0,0]
0.0277778
[0,0,1,0,1,0,1,0,1,0,0,0]
0.0277778
[1,0,1,0,1,0,1,0,1,0,0,0]
0.0555556
[0,1,1,0,1,0,1,0,1,0,0,0]
0.0138889
[1,1,1,0,1,0,1,0,1,0,0,0]
0.0277778
[0,0,0,1,1,0,1,0,1,0,0,0]
0.0208333
[1,0,0,1,1,0,1,0,1,0,0,0]
0.0277778
[0,1,0,1,1,0,1,0,1,0,0,0]
0.0104167
[1,1,0,1,1,0,1,0,1,0,0,0]
0.0138889
[0,0,0,0,0,1,1,0,1,0,0,0]
0.03125
[1,0,0,0,0,1,1,0,1,0,0,0]
0.03125
[0,1,0,0,0,1,1,0,1,0,0,0]
0.00925926
[1,1,0,0,0,1,1,0,1,0,0,0]
0.00925926
[0,0,0,1,0,1,1,0,1,0,0,0]
0.03125
[1,0,0,1,0,1,1,0,1,0,0,0]
0.03125
[0,1,0,1,0,1,1,0,1,0,0,0]
0.00925926
[1,1,0,1,0,1,1,0,1,0,0,0]
0.00925926
[0,0,0,0,1,1,1,0,1,0,0,0]
0.0694444
[1,0,0,0,1,1,1,0,1,0,0,0]
0.0833333
[0,1,0,0,1,1,1,0,1,0,0,0]
0.0347222
[1,1,0,0,1,1,1,0,1,0,0,0]
0.0416667
[0,0,1,0,1,1,1,0,1,0,0,0]
0.0555556
[1,0,1,0,1,1,1,0,1,0,0,0]
0.0833333
[0,1,1,0,1,1,1,0,1,0,0,0]
0.0277778
[1,1,1,0,1,1,1,0,1,0,0,0]
0.0416667
[0,0,0,1,1,1,1,0,1,0,0,0]
0.0416667
[1,0,0,1,1,1,1,0,1,0,0,0]
0.0416667
[0,1,0,1,1,1,1,0,1,0,0,0]
0.0208333
[1,1,0,1,1,1,1,0,1,0,0,0]
0.0208333
[0,0,0,0,1,0,0,1,1,0,0,0]
0.0231481
[1,0,0,0,1,0,0,1,1,0,0,0]
0.0277778
[0,1,0,0,1,0,0,1,1,0,0,0]
0.0173611
[1,1,0,0,1,0,0,1,1,0,0,0]
0.0208333
[0,0,1,0,1,0,0,1,1,0,0,0]
0.0185185
[1,0,1,0,1,0,0,1,1,0,0,0]
0.0277778
[0,1,1,0,1,0,0,1,1,0,0,0]
0.0138889
[1,1,1,0,1,0,0,1,1,0,0,0]
0.0208333
[0,0,0,1,1,0,0,1,1,0,0,0]
0.0138889
[1,0,0,1,1,0,0,1,1,0,0,0]
0.0138889
[0,1,0,1,1,0,0,1,1,0,0,0]
0.0104167
[1,1,0,1,1,0,0,1,1,0,0,0]
0.0104167
[0,0,0,0,0,1,0,1,1,0,0,0]
0.0625
[1,0,0,0,0,1,0,1,1,0,0,0]
0.03125
[0,1,0,0,0,1,0,1,1,0,0,0]
0.0277778
[1,1,0,0,0,1,0,1,1,0,0,0]
0.0138889
[0,0,0,1,0,1,0,1,1,0,0,0]
0.0625
[1,0,0,1,0,1,0,1,1,0,0,0]
0.03125
[0,1,0,1,0,1,0,1,1,0,0,0]
0.0277778
[1,1,0,1,0,1,0,1,1,0,0,0]
0.0138889
[0,0,0,0,1,1,0,1,1,0,0,0]
0.0462963
[1,0,0,0,1,1,0,1,1,0,0,0]
0.0416667
[0,1,0,0,1,1,0,1,1,0,0,0]
0.0347222
[1,1,0,0,1,1,0,1,1,0,0,0]
0.03125
[0,0,1,0,1,1,0,1,1,0,0,0]
0.037037
[1,0,1,0,1,1,0,1,1,0,0,0]
0.0416667
[0,1,1,0,1,1,0,1,1,0,0,0]
0.0277778
[1,1,1,0,1,1,0,1,1,0,0,0]
0.03125
[0,0,0,1,1,1,0,1,1,0,0,0]
0.0277778
[1,0,0,1,1,1,0,1,1,0,0,0]
0.0208333
[0,1,0,1,1,1,0,1,1,0,0,0]
0.0208333
[1,1,0,1,1,1,0,1,1,0,0,0]
0.015625
[1,0,0,0,1,0,0,0,0,1,0,0]
0.00135031
[0,1,0,0,1,0,0,0,0,1,0,0]
0.00238715
[1,1,0,0,1,0,0,0,0,1,0,0]
0.00472608
[1,0,1,0,1,0,0,0,0,1,0,0]
0.000144676
[0,1,1,0,1,0,0,0,0,1,0,0]
0.000434028
[1,1,1,0,1,0,0,0,0,1,0,0]
0.000868056
[1,0,0,1,1,0,0,0,0,1,0,0]
0.000771605
[0,1,0,1,1,0,0,0,0,1,0,0]
0.00173611
[1,1,0,1,1,0,0,0,0,1,0,0]
0.00289352
[1,0,0,0,0,1,0,0,0,1,0,0]
0.00144676
[0,1,0,0,0,1,0,0,0,1,0,0]
0.00125386
[1,1,0,0,0,1,0,0,0,1,0,0]
0.00198929
[1,0,1,0,0,1,0,0,0,1,0,0]
0.00434028
[0,1,1,0,0,1,0,0,0,1,0,0]
0.000685871
[1,1,1,0,0,1,0,0,0,1,0,0]
0.00102881
[1,0,0,1,0,1,0,0,0,1,0,0]
0.000578704
[0,1,0,1,0,1,0,0,0,1,0,0]
0.000643004
[1,1,0,1,0,1,0,0,0,1,0,0]
0.000771605
[1,0,0,0,1,1,0,0,0,1,0,0]
0.00202546
[0,1,0,0,1,1,0,0,0,1,0,0]
0.00477431
[1,1,0,0,1,1,0,0,0,1,0,0]
0.00708912
[1,0,1,0,1,1,0,0,0,1,0,0]
0.000651042
[0,1,1,0,1,1,0,0,0,1,0,0]
0.000868056
[1,1,1,0,1,1,0,0,0,1,0,0]
0.00130208
[1,0,0,1,1,1,0,0,0,1,0,0]
0.00115741
[0,1,0,1,1,1,0,0,0,1,0,0]
0.00347222
[1,1,0,1,1,1,0,0,0,1,0,0]
0.00434028
[0,1,0,0,1,0,1,0,0,1,0,0]
0.00173611
[1,1,0,0,1,0,1,0,0,1,0,0]
0.00270062
[0,1,1,0,1,0,1,0,0,1,0,0]
0.000434028
[1,1,1,0,1,0,1,0,0,1,0,0]
0.000868056
[0,1,0,1,1,0,1,0,0,1,0,0]
0.00115741
[1,1,0,1,1,0,1,0,0,1,0,0]
0.00154321
[0,1,0,0,0,1,1,0,0,1,0,0]
0.000835905
[1,1,0,0,0,1,1,0,0,1,0,0]
0.000795718
[0,1,1,0,0,1,1,0,0,1,0,0]
0.000685871
[1,1,1,0,0,1,1,0,0,1,0,0]
0.00102881
[0,1,0,1,0,1,1,0,0,1,0,0]
0.000385802
[1,1,0,1,0,1,1,0,0,1,0,0]
0.000289352
[0,1,0,0,1,1,1,0,0,1,0,0]
0.00347222
[1,1,0,0,1,1,1,0,0,1,0,0]
0.00405093
[0,1,1,0,1,1,1,0,0,1,0,0]
0.000868056
[1,1,1,0,1,1,1,0,0,1,0,0]
0.00130208
[0,1,0,1,1,1,1,0,0,1,0,0]
0.00231481
[1,1,0,1,1,1,1,0,0,1,0,0]
0.00231481
[1,0,0,0,1,0,0,1,0,1,0,0]
0.00135031
[0,1,0,0,1,0,0,1,0,1,0,0]
0.000651042
[1,1,0,0,1,0,0,1,0,1,0,0]
0.00202546
[1,0,0,1,1,0,0,1,0,1,0,0]
0.000771605
[0,1,0,1,1,0,0,1,0,1,0,0]
0.000578704
[1,1,0,1,1,0,0,1,0,1,0,0]
0.00135031
[1,0,0,0,0,1,0,1,0,1,0,0]
0.00144676
[0,1,0,0,0,1,0,1,0,1,0,0]
0.000417953
[1,1,0,0,0,1,0,1,0,1,0,0]
0.00119358
[1,0,0,1,0,1,0,1,0,1,0,0]
0.000578704
[0,1,0,1,0,1,0,1,0,1,0,0]
0.000257202
[1,1,0,1,0,1,0,1,0,1,0,0]
0.000482253
[1,0,0,0,1,1,0,1,0,1,0,0]
0.00202546
[0,1,0,0,1,1,0,1,0,1,0,0]
0.00130208
[1,1,0,0,1,1,0,1,0,1,0,0]
0.00303819
[1,0,0,1,1,1,0,1,0,1,0,0]
0.00115741
[0,1,0,1,1,1,0,1,0,1,0,0]
0.00115741
[1,1,0,1,1,1,0,1,0,1,0,0]
0.00202546
[0,0,0,0,1,0,0,0,1,1,0,0]
0.0347222
[1,0,0,0,1,0,0,0,1,1,0,0]
0.0486111
[0,1,0,0,1,0,0,0,1,1,0,0]
0.0182292
[1,1,0,0,1,0,0,0,1,1,0,0]
0.0243056
[0,0,1,0,1,0,0,0,1,1,0,0]
0.0173611
[1,0,1,0,1,0,0,0,1,1,0,0]
0.03125
[0,1,1,0,1,0,0,0,1,1,0,0]
0.00911458
[1,1,1,0,1,0,0,0,1,1,0,0]
0.015625
[0,0,0,1,1,0,0,0,1,1,0,0]
0.0231481
[1,0,0,1,1,0,0,0,1,1,0,0]
0.0277778
[0,1,0,1,1,0,0,0,1,1,0,0]
0.0138889
[1,1,0,1,1,0,0,0,1,1,0,0]
0.0162037
[0,0,0,0,0,1,0,0,1,1,0,0]
0.0501543
[1,0,0,0,0,1,0,0,1,1,0,0]
0.046875
[0,1,0,0,0,1,0,0,1,1,0,0]
0.0190972
[1,1,0,0,0,1,0,0,1,1,0,0]
0.0185547
[0,0,1,0,0,1,0,0,1,1,0,0]
0.0231481
[1,0,1,0,0,1,0,0,1,1,0,0]
0.0347222
[0,1,1,0,0,1,0,0,1,1,0,0]
0.0104167
[1,1,1,0,0,1,0,0,1,1,0,0]
0.015625
[0,0,0,1,0,1,0,0,1,1,0,0]
0.0347222
[1,0,0,1,0,1,0,0,1,1,0,0]
0.03125
[0,1,0,1,0,1,0,0,1,1,0,0]
0.0144676
[1,1,0,1,0,1,0,0,1,1,0,0]
0.0130208
[0,0,0,0,1,1,0,0,1,1,0,0]
0.0694444
[1,0,0,0,1,1,0,0,1,1,0,0]
0.0729167
[0,1,0,0,1,1,0,0,1,1,0,0]
0.0364583
[1,1,0,0,1,1,0,0,1,1,0,0]
0.0364583
[0,0,1,0,1,1,0,0,1,1,0,0]
0.0347222
[1,0,1,0,1,1,0,0,1,1,0,0]
0.046875
[0,1,1,0,1,1,0,0,1,1,0,0]
0.0182292
[1,1,1,0,1,1,0,0,1,1,0,0]
0.0234375
[0,0,0,1,1,1,0,0,1,1,0,0]
0.0462963
[1,0,0,1,1,1,0,0,1,1,0,0]
0.0416667
[0,1,0,1,1,1,0,0,1,1,0,0]
0.0277778
[1,1,0,1,1,1,0,0,1,1,0,0]
0.0243056
[0,0,0,0,1,0,1,0,1,1,0,0]
0.0208333
[1,0,0,0,1,0,1,0,1,1,0,0]
0.0324074
[0,1,0,0,1,0,1,0,1,1,0,0]
0.0078125
[1,1,0,0,1,0,1,0,1,1,0,0]
0.0121528
[0,0,1,0,1,0,1,0,1,1,0,0]
0.0104167
[1,0,1,0,1,0,1,0,1,1,0,0]
0.0208333
[0,1,1,0,1,0,1,0,1,1,0,0]
0.00390625
[1,1,1,0,1,0,1,0,1,1,0,0]
0.0078125
[0,0,0,1,1,0,1,0,1,1,0,0]
0.0138889
[1,0,0,1,1,0,1,0,1,1,0,0]
0.0185185
[0,1,0,1,1,0,1,0,1,1,0,0]
0.00694444
[1,1,0,1,1,0,1,0,1,1,0,0]
0.00925926
[0,0,0,0,0,1,1,0,1,1,0,0]
0.0250772
[1,0,0,0,0,1,1,0,1,1,0,0]
0.0234375
[0,1,0,0,0,1,1,0,1,1,0,0]
0.00636574
[1,1,0,0,0,1,1,0,1,1,0,0]
0.0061849
[0,0,1,0,0,1,1,0,1,1,0,0]
0.0115741
[1,0,1,0,0,1,1,0,1,1,0,0]
0.0173611
[0,1,1,0,0,1,1,0,1,1,0,0]
0.00347222
[1,1,1,0,0,1,1,0,1,1,0,0]
0.00520833
[0,0,0,1,0,1,1,0,1,1,0,0]
0.0173611
[1,0,0,1,0,1,1,0,1,1,0,0]
0.015625
[0,1,0,1,0,1,1,0,1,1,0,0]
0.00578704
[1,1,0,1,0,1,1,0,1,1,0,0]
0.00520833
[0,0,0,0,1,1,1,0,1,1,0,0]
0.0416667
[1,0,0,0,1,1,1,0,1,1,0,0]
0.0486111
[0,1,0,0,1,1,1,0,1,1,0,0]
0.015625
[1,1,0,0,1,1,1,0,1,1,0,0]
0.0182292
[0,0,1,0,1,1,1,0,1,1,0,0]
0.0208333
[1,0,1,0,1,1,1,0,1,1,0,0]
0.03125
[0,1,1,0,1,1,1,0,1,1,0,0]
0.0078125
[1,1,1,0,1,1,1,0,1,1,0,0]
0.0117188
[0,0,0,1,1,1,1,0,1,1,0,0]
0.0277778
[1,0,0,1,1,1,1,0,1,1,0,0]
0.0277778
[0,1,0,1,1,1,1,0,1,1,0,0]
0.0138889
[1,1,0,1,1,1,1,0,1,1,0,0]
0.0138889
[0,0,0,0,1,0,0,1,1,1,0,0]
0.0138889
[1,0,0,0,1,0,0,1,1,1,0,0]
0.0162037
[0,1,0,0,1,0,0,1,1,1,0,0]
0.0104167
[1,1,0,0,1,0,0,1,1,1,0,0]
0.0121528
[0,0,1,0,1,0,0,1,1,1,0,0]
0.00694444
[1,0,1,0,1,0,0,1,1,1,0,0]
0.0104167
[0,1,1,0,1,0,0,1,1,1,0,0]
0.00520833
[1,1,1,0,1,0,0,1,1,1,0,0]
0.0078125
[0,0,0,1,1,0,0,1,1,1,0,0]
0.00925926
[1,0,0,1,1,0,0,1,1,1,0,0]
0.00925926
[0,1,0,1,1,0,0,1,1,1,0,0]
0.00694444
[1,1,0,1,1,0,0,1,1,1,0,0]
0.00694444
[0,0,0,0,0,1,0,1,1,1,0,0]
0.0250772
[1,0,0,0,0,1,0,1,1,1,0,0]
0.0234375
[0,1,0,0,0,1,0,1,1,1,0,0]
0.0127315
[1,1,0,0,0,1,0,1,1,1,0,0]
0.0123698
[0,0,1,0,0,1,0,1,1,1,0,0]
0.0115741
[1,0,1,0,0,1,0,1,1,1,0,0]
0.0173611
[0,1,1,0,0,1,0,1,1,1,0,0]
0.00694444
[1,1,1,0,0,1,0,1,1,1,0,0]
0.0104167
[0,0,0,1,0,1,0,1,1,1,0,0]
0.0173611
[1,0,0,1,0,1,0,1,1,1,0,0]
0.015625
[0,1,0,1,0,1,0,1,1,1,0,0]
0.00868056
[1,1,0,1,0,1,0,1,1,1,0,0]
0.0078125
[0,0,0,0,1,1,0,1,1,1,0,0]
0.0277778
[1,0,0,0,1,1,0,1,1,1,0,0]
0.0243056
[0,1,0,0,1,1,0,1,1,1,0,0]
0.0208333
[1,1,0,0,1,1,0,1,1,1,0,0]
0.0182292
[0,0,1,0,1,1,0,1,1,1,0,0]
0.0138889
[1,0,1,0,1,1,0,1,1,1,0,0]
0.015625
[0,1,1,0,1,1,0,1,1,1,0,0]
0.0104167
[1,1,1,0,1,1,0,1,1,1,0,0]
0.0117188
[0,0,0,1,1,1,0,1,1,1,0,0]
0.0185185
[1,0,0,1,1,1,0,1,1,1,0,0]
0.0138889
[0,1,0,1,1,1,0,1,1,1,0,0]
0.0138889
[1,1,0,1,1,1,0,1,1,1,0,0]
0.0104167
[0,0,0,0,1,0,0,0,1,0,1,0]
0.0277778
[1,0,0,0,1,0,0,0,1,0,1,0]
0.0189043
[0,1,0,0,1,0,0,0,1,0,1,0]
0.0182292
[1,1,0,0,1,0,0,0,1,0,1,0]
0.0121528
[0,0,1,0,1,0,0,0,1,0,1,0]
0.0138889
[1,0,1,0,1,0,0,0,1,0,1,0]
0.0121528
[0,1,1,0,1,0,0,0,1,0,1,0]
0.00911458
[1,1,1,0,1,0,0,0,1,0,1,0]
0.0078125
[0,0,0,1,1,0,0,0,1,0,1,0]
0.0185185
[1,0,0,1,1,0,0,0,1,0,1,0]
0.0108025
[0,1,0,1,1,0,0,0,1,0,1,0]
0.0121528
[1,1,0,1,1,0,0,0,1,0,1,0]
0.00694444
[1,0,0,0,0,1,0,0,1,0,1,0]
0.000542535
[0,1,0,0,0,1,0,0,1,0,1,0]
0.000325521
[1,1,0,0,0,1,0,0,1,0,1,0]
0.000732422
[0,0,0,0,1,1,0,0,1,0,1,0]
0.0555556
[1,0,0,0,1,1,0,0,1,0,1,0]
0.056713
[0,1,0,0,1,1,0,0,1,0,1,0]
0.0364583
[1,1,0,0,1,1,0,0,1,0,1,0]
0.0364583
[0,0,1,0,1,1,0,0,1,0,1,0]
0.0277778
[1,0,1,0,1,1,0,0,1,0,1,0]
0.0364583
[0,1,1,0,1,1,0,0,1,0,1,0]
0.0182292
[1,1,1,0,1,1,0,0,1,0,1,0]
0.0234375
[0,0,0,1,1,1,0,0,1,0,1,0]
0.037037
[1,0,0,1,1,1,0,0,1,0,1,0]
0.0324074
[0,1,0,1,1,1,0,0,1,0,1,0]
0.0243056
[1,1,0,1,1,1,0,0,1,0,1,0]
0.0208333
[0,0,0,0,1,0,1,0,1,0,1,0]
0.0138889
[1,0,0,0,1,0,1,0,1,0,1,0]
0.0108025
[0,1,0,0,1,0,1,0,1,0,1,0]
0.0078125
[1,1,0,0,1,0,1,0,1,0,1,0]
0.00607639
[0,0,1,0,1,0,1,0,1,0,1,0]
0.00694444
[1,0,1,0,1,0,1,0,1,0,1,0]
0.00694444
[0,1,1,0,1,0,1,0,1,0,1,0]
0.00390625
[1,1,1,0,1,0,1,0,1,0,1,0]
0.00390625
[0,0,0,1,1,0,1,0,1,0,1,0]
0.00925926
[1,0,0,1,1,0,1,0,1,0,1,0]
0.00617284
[0,1,0,1,1,0,1,0,1,0,1,0]
0.00520833
[1,1,0,1,1,0,1,0,1,0,1,0]
0.00347222
[1,0,0,0,0,1,1,0,1,0,1,0]
0.000217014
[0,1,0,0,0,1,1,0,1,0,1,0]
0.000108507
[1,1,0,0,0,1,1,0,1,0,1,0]
0.000244141
[0,0,0,0,1,1,1,0,1,0,1,0]
0.0277778
[1,0,0,0,1,1,1,0,1,0,1,0]
0.0324074
[0,1,0,0,1,1,1,0,1,0,1,0]
0.015625
[1,1,0,0,1,1,1,0,1,0,1,0]
0.0182292
[0,0,1,0,1,1,1,0,1,0,1,0]
0.0138889
[1,0,1,0,1,1,1,0,1,0,1,0]
0.0208333
[0,1,1,0,1,1,1,0,1,0,1,0]
0.0078125
[1,1,1,0,1,1,1,0,1,0,1,0]
0.0117188
[0,0,0,1,1,1,1,0,1,0,1,0]
0.0185185
[1,0,0,1,1,1,1,0,1,0,1,0]
0.0185185
[0,1,0,1,1,1,1,0,1,0,1,0]
0.0104167
[1,1,0,1,1,1,1,0,1,0,1,0]
0.0104167
[0,0,0,0,1,0,0,1,1,0,1,0]
0.0138889
[1,0,0,0,1,0,0,1,1,0,1,0]
0.00810185
[0,1,0,0,1,0,0,1,1,0,1,0]
0.0104167
[1,1,0,0,1,0,0,1,1,0,1,0]
0.00607639
[0,0,1,0,1,0,0,1,1,0,1,0]
0.00694444
[1,0,1,0,1,0,0,1,1,0,1,0]
0.00520833
[0,1,1,0,1,0,0,1,1,0,1,0]
0.00520833
[1,1,1,0,1,0,0,1,1,0,1,0]
0.00390625
[0,0,0,1,1,0,0,1,1,0,1,0]
0.00925926
[1,0,0,1,1,0,0,1,1,0,1,0]
0.00462963
[0,1,0,1,1,0,0,1,1,0,1,0]
0.00694444
[1,1,0,1,1,0,0,1,1,0,1,0]
0.00347222
[1,0,0,0,0,1,0,1,1,0,1,0]
0.000325521
[0,1,0,0,0,1,0,1,1,0,1,0]
0.000217014
[1,1,0,0,0,1,0,1,1,0,1,0]
0.000488281
[0,0,0,0,1,1,0,1,1,0,1,0]
0.0277778
[1,0,0,0,1,1,0,1,1,0,1,0]
0.0243056
[0,1,0,0,1,1,0,1,1,0,1,0]
0.0208333
[1,1,0,0,1,1,0,1,1,0,1,0]
0.0182292
[0,0,1,0,1,1,0,1,1,0,1,0]
0.0138889
[1,0,1,0,1,1,0,1,1,0,1,0]
0.015625
[0,1,1,0,1,1,0,1,1,0,1,0]
0.0104167
[1,1,1,0,1,1,0,1,1,0,1,0]
0.0117188
[0,0,0,1,1,1,0,1,1,0,1,0]
0.0185185
[1,0,0,1,1,1,0,1,1,0,1,0]
0.0138889
[0,1,0,1,1,1,0,1,1,0,1,0]
0.0138889
[1,1,0,1,1,1,0,1,1,0,1,0]
0.0104167
[1,0,0,0,1,0,0,0,0,1,1,0]
0.000675154
[0,1,0,0,1,0,0,0,0,1,1,0]
0.00217014
[1,1,0,0,1,0,0,0,0,1,1,0]
0.00219425
[1,0,1,0,1,0,0,0,0,1,1,0]
4.82253e-005
[0,1,1,0,1,0,0,0,0,1,1,0]
0.000325521
[1,1,1,0,1,0,0,0,0,1,1,0]
0.000325521
[1,0,0,1,1,0,0,0,0,1,1,0]
0.000385802
[0,1,0,1,1,0,0,0,0,1,1,0]
0.00173611
[1,1,0,1,1,0,0,0,0,1,1,0]
0.00144676
[1,0,0,0,0,1,0,0,0,1,1,0]
0.000289352
[0,1,0,0,0,1,0,0,0,1,1,0]
0.000265239
[1,1,0,0,0,1,0,0,0,1,1,0]
0.000515408
[1,0,1,0,0,1,0,0,0,1,1,0]
0.000385802
[0,1,1,0,0,1,0,0,0,1,1,0]
0.000192901
[1,1,1,0,0,1,0,0,0,1,1,0]
0.000289352
[1,0,0,0,1,1,0,0,0,1,1,0]
0.00202546
[0,1,0,0,1,1,0,0,0,1,1,0]
0.00434028
[1,1,0,0,1,1,0,0,0,1,1,0]
0.00658275
[1,0,1,0,1,1,0,0,0,1,1,0]
0.000434028
[0,1,1,0,1,1,0,0,0,1,1,0]
0.000651042
[1,1,1,0,1,1,0,0,0,1,1,0]
0.000976563
[1,0,0,1,1,1,0,0,0,1,1,0]
0.00115741
[0,1,0,1,1,1,0,0,0,1,1,0]
0.00347222
[1,1,0,1,1,1,0,0,0,1,1,0]
0.00434028
[0,1,0,0,1,0,1,0,0,1,1,0]
0.0015191
[1,1,0,0,1,0,1,0,0,1,1,0]
0.00118152
[0,1,1,0,1,0,1,0,0,1,1,0]
0.000325521
[1,1,1,0,1,0,1,0,0,1,1,0]
0.000325521
[0,1,0,1,1,0,1,0,0,1,1,0]
0.00115741
[1,1,0,1,1,0,1,0,0,1,1,0]
0.000771605
[0,1,0,0,0,1,1,0,0,1,1,0]
0.000168789
[1,1,0,0,0,1,1,0,0,1,1,0]
0.000189887
[0,1,1,0,0,1,1,0,0,1,1,0]
0.000192901
[1,1,1,0,0,1,1,0,0,1,1,0]
0.000289352
[0,1,0,0,1,1,1,0,0,1,1,0]
0.00303819
[1,1,0,0,1,1,1,0,0,1,1,0]
0.00354456
[0,1,1,0,1,1,1,0,0,1,1,0]
0.000651042
[1,1,1,0,1,1,1,0,0,1,1,0]
0.000976563
[0,1,0,1,1,1,1,0,0,1,1,0]
0.00231481
[1,1,0,1,1,1,1,0,0,1,1,0]
0.00231481
[1,0,0,0,1,0,0,1,0,1,1,0]
0.000675154
[0,1,0,0,1,0,0,1,0,1,1,0]
0.000651042
[1,1,0,0,1,0,0,1,0,1,1,0]
0.00101273
[1,0,0,1,1,0,0,1,0,1,1,0]
0.000385802
[0,1,0,1,1,0,0,1,0,1,1,0]
0.000578704
[1,1,0,1,1,0,0,1,0,1,1,0]
0.000675154
[1,0,0,0,0,1,0,1,0,1,1,0]
0.000289352
[0,1,0,0,0,1,0,1,0,1,1,0]
9.64506e-005
[1,1,0,0,0,1,0,1,0,1,1,0]
0.000325521
[1,0,0,0,1,1,0,1,0,1,1,0]
0.00202546
[0,1,0,0,1,1,0,1,0,1,1,0]
0.00130208
[1,1,0,0,1,1,0,1,0,1,1,0]
0.00303819
[1,0,0,1,1,1,0,1,0,1,1,0]
0.00115741
[0,1,0,1,1,1,0,1,0,1,1,0]
0.00115741
[1,1,0,1,1,1,0,1,0,1,1,0]
0.00202546
[0,0,0,0,1,0,0,0,1,1,1,0]
0.0277778
[1,0,0,0,1,0,0,0,1,1,1,0]
0.0189043
[0,1,0,0,1,0,0,0,1,1,1,0]
0.0182292
[1,1,0,0,1,0,0,0,1,1,1,0]
0.0121528
[0,0,1,0,1,0,0,0,1,1,1,0]
0.0138889
[1,0,1,0,1,0,0,0,1,1,1,0]
0.0121528
[0,1,1,0,1,0,0,0,1,1,1,0]
0.00911458
[1,1,1,0,1,0,0,0,1,1,1,0]
0.0078125
[0,0,0,1,1,0,0,0,1,1,1,0]
0.0185185
[1,0,0,1,1,0,0,0,1,1,1,0]
0.0108025
[0,1,0,1,1,0,0,0,1,1,1,0]
0.0121528
[1,1,0,1,1,0,0,0,1,1,1,0]
0.00694444
[0,0,0,0,0,1,0,0,1,1,1,0]
0.00514403
[1,0,0,0,0,1,0,0,1,1,1,0]
0.00434028
[0,1,0,0,0,1,0,0,1,1,1,0]
0.00260417
[1,1,0,0,0,1,0,0,1,1,1,0]
0.00292969
[0,0,1,0,0,1,0,0,1,1,1,0]
0.00771605
[1,0,1,0,0,1,0,0,1,1,1,0]
0.0115741
[0,1,1,0,0,1,0,0,1,1,1,0]
0.00520833
[1,1,1,0,0,1,0,0,1,1,1,0]
0.0078125
[0,0,0,0,1,1,0,0,1,1,1,0]
0.0555556
[1,0,0,0,1,1,0,0,1,1,1,0]
0.056713
[0,1,0,0,1,1,0,0,1,1,1,0]
0.0364583
[1,1,0,0,1,1,0,0,1,1,1,0]
0.0364583
[0,0,1,0,1,1,0,0,1,1,1,0]
0.0277778
[1,0,1,0,1,1,0,0,1,1,1,0]
0.0364583
[0,1,1,0,1,1,0,0,1,1,1,0]
0.0182292
[1,1,1,0,1,1,0,0,1,1,1,0]
0.0234375
[0,0,0,1,1,1,0,0,1,1,1,0]
0.037037
[1,0,0,1,1,1,0,0,1,1,1,0]
0.0324074
[0,1,0,1,1,1,0,0,1,1,1,0]
0.0243056
[1,1,0,1,1,1,0,0,1,1,1,0]
0.0208333
[0,0,0,0,1,0,1,0,1,1,1,0]
0.0138889
[1,0,0,0,1,0,1,0,1,1,1,0]
0.0108025
[0,1,0,0,1,0,1,0,1,1,1,0]
0.0078125
[1,1,0,0,1,0,1,0,1,1,1,0]
0.00607639
[0,0,1,0,1,0,1,0,1,1,1,0]
0.00694444
[1,0,1,0,1,0,1,0,1,1,1,0]
0.00694444
[0,1,1,0,1,0,1,0,1,1,1,0]
0.00390625
[1,1,1,0,1,0,1,0,1,1,1,0]
0.00390625
[0,0,0,1,1,0,1,0,1,1,1,0]
0.00925926
[1,0,0,1,1,0,1,0,1,1,1,0]
0.00617284
[0,1,0,1,1,0,1,0,1,1,1,0]
0.00520833
[1,1,0,1,1,0,1,0,1,1,1,0]
0.00347222
[0,0,0,0,0,1,1,0,1,1,1,0]
0.00205761
[1,0,0,0,0,1,1,0,1,1,1,0]
0.00173611
[0,1,0,0,0,1,1,0,1,1,1,0]
0.000868056
[1,1,0,0,0,1,1,0,1,1,1,0]
0.000976563
[0,0,1,0,0,1,1,0,1,1,1,0]
0.00308642
[1,0,1,0,0,1,1,0,1,1,1,0]
0.00462963
[0,1,1,0,0,1,1,0,1,1,1,0]
0.00173611
[1,1,1,0,0,1,1,0,1,1,1,0]
0.00260417
[0,0,0,0,1,1,1,0,1,1,1,0]
0.0277778
[1,0,0,0,1,1,1,0,1,1,1,0]
0.0324074
[0,1,0,0,1,1,1,0,1,1,1,0]
0.015625
[1,1,0,0,1,1,1,0,1,1,1,0]
0.0182292
[0,0,1,0,1,1,1,0,1,1,1,0]
0.0138889
[1,0,1,0,1,1,1,0,1,1,1,0]
0.0208333
[0,1,1,0,1,1,1,0,1,1,1,0]
0.0078125
[1,1,1,0,1,1,1,0,1,1,1,0]
0.0117188
[0,0,0,1,1,1,1,0,1,1,1,0]
0.0185185
[1,0,0,1,1,1,1,0,1,1,1,0]
0.0185185
[0,1,0,1,1,1,1,0,1,1,1,0]
0.0104167
[1,1,0,1,1,1,1,0,1,1,1,0]
0.0104167
[0,0,0,0,1,0,0,1,1,1,1,0]
0.0138889
[1,0,0,0,1,0,0,1,1,1,1,0]
0.00810185
[0,1,0,0,1,0,0,1,1,1,1,0]
0.0104167
[1,1,0,0,1,0,0,1,1,1,1,0]
0.00607639
[0,0,1,0,1,0,0,1,1,1,1,0]
0.00694444
[1,0,1,0,1,0,0,1,1,1,1,0]
0.00520833
[0,1,1,0,1,0,0,1,1,1,1,0]
0.00520833
[1,1,1,0,1,0,0,1,1,1,1,0]
0.00390625
[0,0,0,1,1,0,0,1,1,1,1,0]
0.00925926
[1,0,0,1,1,0,0,1,1,1,1,0]
0.00462963
[0,1,0,1,1,0,0,1,1,1,1,0]
0.00694444
[1,1,0,1,1,0,0,1,1,1,1,0]
0.00347222
[0,0,0,0,0,1,0,1,1,1,1,0]
0.00308642
[1,0,0,0,0,1,0,1,1,1,1,0]
0.00260417
[0,1,0,0,0,1,0,1,1,1,1,0]
0.00173611
[1,1,0,0,0,1,0,1,1,1,1,0]
0.00195313
[0,0,1,0,0,1,0,1,1,1,1,0]
0.00462963
[1,0,1,0,0,1,0,1,1,1,1,0]
0.00694444
[0,1,1,0,0,1,0,1,1,1,1,0]
0.00347222
[1,1,1,0,0,1,0,1,1,1,1,0]
0.00520833
[0,0,0,0,1,1,0,1,1,1,1,0]
0.0277778
[1,0,0,0,1,1,0,1,1,1,1,0]
0.0243056
[0,1,0,0,1,1,0,1,1,1,1,0]
0.0208333
[1,1,0,0,1,1,0,1,1,1,1,0]
0.0182292
[0,0,1,0,1,1,0,1,1,1,1,0]
0.0138889
[1,0,1,0,1,1,0,1,1,1,1,0]
0.015625
[0,1,1,0,1,1,0,1,1,1,1,0]
0.0104167
[1,1,1,0,1,1,0,1,1,1,1,0]
0.0117188
[0,0,0,1,1,1,0,1,1,1,1,0]
0.0185185
[1,0,0,1,1,1,0,1,1,1,1,0]
0.0138889
[0,1,0,1,1,1,0,1,1,1,1,0]
0.0138889
[1,1,0,1,1,1,0,1,1,1,1,0]
0.0104167
[0,0,0,0,1,0,0,0,1,0,0,1]
0.0277778
[1,0,0,0,1,0,0,0,1,0,0,1]
0.0378086
[0,1,0,0,1,0,0,0,1,0,0,1]
0.0182292
[1,1,0,0,1,0,0,0,1,0,0,1]
0.0243056
[0,0,1,0,1,0,0,0,1,0,0,1]
0.0138889
[1,0,1,0,1,0,0,0,1,0,0,1]
0.0243056
[0,1,1,0,1,0,0,0,1,0,0,1]
0.00911458
[1,1,1,0,1,0,0,0,1,0,0,1]
0.015625
[0,0,0,1,1,0,0,0,1,0,0,1]
0.0185185
[1,0,0,1,1,0,0,0,1,0,0,1]
0.0216049
[0,1,0,1,1,0,0,0,1,0,0,1]
0.0121528
[1,1,0,1,1,0,0,0,1,0,0,1]
0.0138889
[0,0,0,0,0,1,0,0,1,0,0,1]
0.00771605
[1,0,0,0,0,1,0,0,1,0,0,1]
0.00868056
[0,1,0,0,0,1,0,0,1,0,0,1]
0.00390625
[1,1,0,0,0,1,0,0,1,0,0,1]
0.00439453
[0,0,0,1,0,1,0,0,1,0,0,1]
0.00925926
[1,0,0,1,0,1,0,0,1,0,0,1]
0.0104167
[0,1,0,1,0,1,0,0,1,0,0,1]
0.00434028
[1,1,0,1,0,1,0,0,1,0,0,1]
0.00488281
[0,0,0,0,1,1,0,0,1,0,0,1]
0.0555556
[1,0,0,0,1,1,0,0,1,0,0,1]
0.056713
[0,1,0,0,1,1,0,0,1,0,0,1]
0.0364583
[1,1,0,0,1,1,0,0,1,0,0,1]
0.0364583
[0,0,1,0,1,1,0,0,1,0,0,1]
0.0277778
[1,0,1,0,1,1,0,0,1,0,0,1]
0.0364583
[0,1,1,0,1,1,0,0,1,0,0,1]
0.0182292
[1,1,1,0,1,1,0,0,1,0,0,1]
0.0234375
[0,0,0,1,1,1,0,0,1,0,0,1]
0.037037
[1,0,0,1,1,1,0,0,1,0,0,1]
0.0324074
[0,1,0,1,1,1,0,0,1,0,0,1]
0.0243056
[1,1,0,1,1,1,0,0,1,0,0,1]
0.0208333
[0,0,0,0,1,0,1,0,1,0,0,1]
0.0138889
[1,0,0,0,1,0,1,0,1,0,0,1]
0.0216049
[0,1,0,0,1,0,1,0,1,0,0,1]
0.0078125
[1,1,0,0,1,0,1,0,1,0,0,1]
0.0121528
[0,0,1,0,1,0,1,0,1,0,0,1]
0.00694444
[1,0,1,0,1,0,1,0,1,0,0,1]
0.0138889
[0,1,1,0,1,0,1,0,1,0,0,1]
0.00390625
[1,1,1,0,1,0,1,0,1,0,0,1]
0.0078125
[0,0,0,1,1,0,1,0,1,0,0,1]
0.00925926
[1,0,0,1,1,0,1,0,1,0,0,1]
0.0123457
[0,1,0,1,1,0,1,0,1,0,0,1]
0.00520833
[1,1,0,1,1,0,1,0,1,0,0,1]
0.00694444
[0,0,0,0,0,1,1,0,1,0,0,1]
0.00308642
[1,0,0,0,0,1,1,0,1,0,0,1]
0.00347222
[0,1,0,0,0,1,1,0,1,0,0,1]
0.00130208
[1,1,0,0,0,1,1,0,1,0,0,1]
0.00146484
[0,0,0,1,0,1,1,0,1,0,0,1]
0.00462963
[1,0,0,1,0,1,1,0,1,0,0,1]
0.00520833
[0,1,0,1,0,1,1,0,1,0,0,1]
0.00173611
[1,1,0,1,0,1,1,0,1,0,0,1]
0.00195313
[0,0,0,0,1,1,1,0,1,0,0,1]
0.0277778
[1,0,0,0,1,1,1,0,1,0,0,1]
0.0324074
[0,1,0,0,1,1,1,0,1,0,0,1]
0.015625
[1,1,0,0,1,1,1,0,1,0,0,1]
0.0182292
[0,0,1,0,1,1,1,0,1,0,0,1]
0.0138889
[1,0,1,0,1,1,1,0,1,0,0,1]
0.0208333
[0,1,1,0,1,1,1,0,1,0,0,1]
0.0078125
[1,1,1,0,1,1,1,0,1,0,0,1]
0.0117188
[0,0,0,1,1,1,1,0,1,0,0,1]
0.0185185
[1,0,0,1,1,1,1,0,1,0,0,1]
0.0185185
[0,1,0,1,1,1,1,0,1,0,0,1]
0.0104167
[1,1,0,1,1,1,1,0,1,0,0,1]
0.0104167
[0,0,0,0,1,0,0,1,1,0,0,1]
0.0138889
[1,0,0,0,1,0,0,1,1,0,0,1]
0.0162037
[0,1,0,0,1,0,0,1,1,0,0,1]
0.0104167
[1,1,0,0,1,0,0,1,1,0,0,1]
0.0121528
[0,0,1,0,1,0,0,1,1,0,0,1]
0.00694444
[1,0,1,0,1,0,0,1,1,0,0,1]
0.0104167
[0,1,1,0,1,0,0,1,1,0,0,1]
0.00520833
[1,1,1,0,1,0,0,1,1,0,0,1]
0.0078125
[0,0,0,1,1,0,0,1,1,0,0,1]
0.00925926
[1,0,0,1,1,0,0,1,1,0,0,1]
0.00925926
[0,1,0,1,1,0,0,1,1,0,0,1]
0.00694444
[1,1,0,1,1,0,0,1,1,0,0,1]
0.00694444
[0,0,0,0,0,1,0,1,1,0,0,1]
0.00462963
[1,0,0,0,0,1,0,1,1,0,0,1]
0.00520833
[0,1,0,0,0,1,0,1,1,0,0,1]
0.00260417
[1,1,0,0,0,1,0,1,1,0,0,1]
0.00292969
[0,0,0,1,0,1,0,1,1,0,0,1]
0.00462963
[1,0,0,1,0,1,0,1,1,0,0,1]
0.00520833
[0,1,0,1,0,1,0,1,1,0,0,1]
0.00260417
[1,1,0,1,0,1,0,1,1,0,0,1]
0.00292969
[0,0,0,0,1,1,0,1,1,0,0,1]
0.0277778
[1,0,0,0,1,1,0,1,1,0,0,1]
0.0243056
[0,1,0,0,1,1,0,1,1,0,0,1]
0.0208333
[1,1,0,0,1,1,0,1,1,0,0,1]
0.0182292
[0,0,1,0,1,1,0,1,1,0,0,1]
0.0138889
[1,0,1,0,1,1,0,1,1,0,0,1]
0.015625
[0,1,1,0,1,1,0,1,1,0,0,1]
0.0104167
[1,1,1,0,1,1,0,1,1,0,0,1]
0.0117188
[0,0,0,1,1,1,0,1,1,0,0,1]
0.0185185
[1,0,0,1,1,1,0,1,1,0,0,1]
0.0138889
[0,1,0,1,1,1,0,1,1,0,0,1]
0.0138889
[1,1,0,1,1,1,0,1,1,0,0,1]
0.0104167
[1,0,0,0,1,0,0,0,0,1,0,1]
0.00101273
[0,1,0,0,1,0,0,0,0,1,0,1]
0.00146484
[1,1,0,0,1,0,0,0,0,1,0,1]
0.00303819
[1,0,1,0,1,0,0,0,0,1,0,1]
7.2338e-005
[0,1,1,0,1,0,0,0,0,1,0,1]
0.000244141
[1,1,1,0,1,0,0,0,0,1,0,1]
0.000488281
[1,0,0,1,1,0,0,0,0,1,0,1]
0.000578704
[0,1,0,1,1,0,0,0,0,1,0,1]
0.00101273
[1,1,0,1,1,0,0,0,0,1,0,1]
0.00178434
[1,0,0,0,0,1,0,0,0,1,0,1]
0.000434028
[0,1,0,0,0,1,0,0,0,1,0,1]
0.000237359
[1,1,0,0,0,1,0,0,0,1,0,1]
0.000549316
[1,0,1,0,0,1,0,0,0,1,0,1]
9.64506e-005
[0,1,1,0,0,1,0,0,0,1,0,1]
5.42535e-005
[1,1,1,0,0,1,0,0,0,1,0,1]
8.13802e-005
[1,0,0,1,0,1,0,0,0,1,0,1]
0.000217014
[0,1,0,1,0,1,0,0,0,1,0,1]
0.000144676
[1,1,0,1,0,1,0,0,0,1,0,1]
0.000284831
[1,0,0,0,1,1,0,0,0,1,0,1]
0.0015191
[0,1,0,0,1,1,0,0,0,1,0,1]
0.00292969
[1,1,0,0,1,1,0,0,0,1,0,1]
0.00455729
[1,0,1,0,1,1,0,0,0,1,0,1]
0.000253183
[0,1,1,0,1,1,0,0,0,1,0,1]
0.000488281
[1,1,1,0,1,1,0,0,0,1,0,1]
0.000732422
[1,0,0,1,1,1,0,0,0,1,0,1]
0.000868056
[0,1,0,1,1,1,0,0,0,1,0,1]
0.00202546
[1,1,0,1,1,1,0,0,0,1,0,1]
0.0026765
[0,1,0,0,1,0,1,0,0,1,0,1]
0.000976562
[1,1,0,0,1,0,1,0,0,1,0,1]
0.0015191
[0,1,1,0,1,0,1,0,0,1,0,1]
0.000244141
[1,1,1,0,1,0,1,0,0,1,0,1]
0.000488281
[0,1,0,1,1,0,1,0,0,1,0,1]
0.000578704
[1,1,0,1,1,0,1,0,0,1,0,1]
0.000771605
[0,1,0,0,0,1,1,0,0,1,0,1]
0.000142415
[1,1,0,0,0,1,1,0,0,1,0,1]
0.000183105
[0,1,1,0,0,1,1,0,0,1,0,1]
5.42535e-005
[1,1,1,0,0,1,1,0,0,1,0,1]
8.13802e-005
[0,1,0,1,0,1,1,0,0,1,0,1]
7.2338e-005
[1,1,0,1,0,1,1,0,0,1,0,1]
8.13802e-005
[0,1,0,0,1,1,1,0,0,1,0,1]
0.00195313
[1,1,0,0,1,1,1,0,0,1,0,1]
0.00227865
[0,1,1,0,1,1,1,0,0,1,0,1]
0.000488281
[1,1,1,0,1,1,1,0,0,1,0,1]
0.000732422
[0,1,0,1,1,1,1,0,0,1,0,1]
0.00115741
[1,1,0,1,1,1,1,0,0,1,0,1]
0.00115741
[1,0,0,0,1,0,0,1,0,1,0,1]
0.00101273
[0,1,0,0,1,0,0,1,0,1,0,1]
0.000488281
[1,1,0,0,1,0,0,1,0,1,0,1]
0.0015191
[1,0,0,1,1,0,0,1,0,1,0,1]
0.000578704
[0,1,0,1,1,0,0,1,0,1,0,1]
0.000434028
[1,1,0,1,1,0,0,1,0,1,0,1]
0.00101273
[1,0,0,0,0,1,0,1,0,1,0,1]
0.000434028
[0,1,0,0,0,1,0,1,0,1,0,1]
9.49436e-005
[1,1,0,0,0,1,0,1,0,1,0,1]
0.000366211
[1,0,0,1,0,1,0,1,0,1,0,1]
0.000217014
[0,1,0,1,0,1,0,1,0,1,0,1]
7.2338e-005
[1,1,0,1,0,1,0,1,0,1,0,1]
0.000203451
[1,0,0,0,1,1,0,1,0,1,0,1]
0.0015191
[0,1,0,0,1,1,0,1,0,1,0,1]
0.000976562
[1,1,0,0,1,1,0,1,0,1,0,1]
0.00227865
[1,0,0,1,1,1,0,1,0,1,0,1]
0.000868056
[0,1,0,1,1,1,0,1,0,1,0,1]
0.000868056
[1,1,0,1,1,1,0,1,0,1,0,1]
0.0015191
[0,0,0,0,1,0,0,0,1,1,0,1]
0.0277778
[1,0,0,0,1,0,0,0,1,1,0,1]
0.0378086
[0,1,0,0,1,0,0,0,1,1,0,1]
0.0182292
[1,1,0,0,1,0,0,0,1,1,0,1]
0.0243056
[0,0,1,0,1,0,0,0,1,1,0,1]
0.0138889
[1,0,1,0,1,0,0,0,1,1,0,1]
0.0243056
[0,1,1,0,1,0,0,0,1,1,0,1]
0.00911458
[1,1,1,0,1,0,0,0,1,1,0,1]
0.015625
[0,0,0,1,1,0,0,0,1,1,0,1]
0.0185185
[1,0,0,1,1,0,0,0,1,1,0,1]
0.0216049
[0,1,0,1,1,0,0,0,1,1,0,1]
0.0121528
[1,1,0,1,1,0,0,0,1,1,0,1]
0.0138889
[0,0,0,0,0,1,0,0,1,1,0,1]
0.0144676
[1,0,0,0,0,1,0,0,1,1,0,1]
0.0173611
[0,1,0,0,0,1,0,0,1,1,0,1]
0.00732422
[1,1,0,0,0,1,0,0,1,1,0,1]
0.00878906
[0,0,1,0,0,1,0,0,1,1,0,1]
0.00385802
[1,0,1,0,0,1,0,0,1,1,0,1]
0.00578704
[0,1,1,0,0,1,0,0,1,1,0,1]
0.00195312
[1,1,1,0,0,1,0,0,1,1,0,1]
0.00292969
[0,0,0,1,0,1,0,0,1,1,0,1]
0.0138889
[1,0,0,1,0,1,0,0,1,1,0,1]
0.015625
[0,1,0,1,0,1,0,0,1,1,0,1]
0.00651042
[1,1,0,1,0,1,0,0,1,1,0,1]
0.00732422
[0,0,0,0,1,1,0,0,1,1,0,1]
0.0555556
[1,0,0,0,1,1,0,0,1,1,0,1]
0.056713
[0,1,0,0,1,1,0,0,1,1,0,1]
0.0364583
[1,1,0,0,1,1,0,0,1,1,0,1]
0.0364583
[0,0,1,0,1,1,0,0,1,1,0,1]
0.0277778
[1,0,1,0,1,1,0,0,1,1,0,1]
0.0364583
[0,1,1,0,1,1,0,0,1,1,0,1]
0.0182292
[1,1,1,0,1,1,0,0,1,1,0,1]
0.0234375
[0,0,0,1,1,1,0,0,1,1,0,1]
0.037037
[1,0,0,1,1,1,0,0,1,1,0,1]
0.0324074
[0,1,0,1,1,1,0,0,1,1,0,1]
0.0243056
[1,1,0,1,1,1,0,0,1,1,0,1]
0.0208333
[0,0,0,0,1,0,1,0,1,1,0,1]
0.0138889
[1,0,0,0,1,0,1,0,1,1,0,1]
0.0216049
[0,1,0,0,1,0,1,0,1,1,0,1]
0.0078125
[1,1,0,0,1,0,1,0,1,1,0,1]
0.0121528
[0,0,1,0,1,0,1,0,1,1,0,1]
0.00694444
[1,0,1,0,1,0,1,0,1,1,0,1]
0.0138889
[0,1,1,0,1,0,1,0,1,1,0,1]
0.00390625
[1,1,1,0,1,0,1,0,1,1,0,1]
0.0078125
[0,0,0,1,1,0,1,0,1,1,0,1]
0.00925926
[1,0,0,1,1,0,1,0,1,1,0,1]
0.0123457
[0,1,0,1,1,0,1,0,1,1,0,1]
0.00520833
[1,1,0,1,1,0,1,0,1,1,0,1]
0.00694444
[0,0,0,0,0,1,1,0,1,1,0,1]
0.00578704
[1,0,0,0,0,1,1,0,1,1,0,1]
0.00694444
[0,1,0,0,0,1,1,0,1,1,0,1]
0.00244141
[1,1,0,0,0,1,1,0,1,1,0,1]
0.00292969
[0,0,1,0,0,1,1,0,1,1,0,1]
0.00154321
[1,0,1,0,0,1,1,0,1,1,0,1]
0.00231481
[0,1,1,0,0,1,1,0,1,1,0,1]
0.000651042
[1,1,1,0,0,1,1,0,1,1,0,1]
0.000976563
[0,0,0,1,0,1,1,0,1,1,0,1]
0.00694444
[1,0,0,1,0,1,1,0,1,1,0,1]
0.0078125
[0,1,0,1,0,1,1,0,1,1,0,1]
0.00260417
[1,1,0,1,0,1,1,0,1,1,0,1]
0.00292969
[0,0,0,0,1,1,1,0,1,1,0,1]
0.0277778
[1,0,0,0,1,1,1,0,1,1,0,1]
0.0324074
[0,1,0,0,1,1,1,0,1,1,0,1]
0.015625
[1,1,0,0,1,1,1,0,1,1,0,1]
0.0182292
[0,0,1,0,1,1,1,0,1,1,0,1]
0.0138889
[1,0,1,0,1,1,1,0,1,1,0,1]
0.0208333
[0,1,1,0,1,1,1,0,1,1,0,1]
0.0078125
[1,1,1,0,1,1,1,0,1,1,0,1]
0.0117188
[0,0,0,1,1,1,1,0,1,1,0,1]
0.0185185
[1,0,0,1,1,1,1,0,1,1,0,1]
0.0185185
[0,1,0,1,1,1,1,0,1,1,0,1]
0.0104167
[1,1,0,1,1,1,1,0,1,1,0,1]
0.0104167
[0,0,0,0,1,0,0,1,1,1,0,1]
0.0138889
[1,0,0,0,1,0,0,1,1,1,0,1]
0.0162037
[0,1,0,0,1,0,0,1,1,1,0,1]
0.0104167
[1,1,0,0,1,0,0,1,1,1,0,1]
0.0121528
[0,0,1,0,1,0,0,1,1,1,0,1]
0.00694444
[1,0,1,0,1,0,0,1,1,1,0,1]
0.0104167
[0,1,1,0,1,0,0,1,1,1,0,1]
0.00520833
[1,1,1,0,1,0,0,1,1,1,0,1]
0.0078125
[0,0,0,1,1,0,0,1,1,1,0,1]
0.00925926
[1,0,0,1,1,0,0,1,1,1,0,1]
0.00925926
[0,1,0,1,1,0,0,1,1,1,0,1]
0.00694444
[1,1,0,1,1,0,0,1,1,1,0,1]
0.00694444
[0,0,0,0,0,1,0,1,1,1,0,1]
0.00868056
[1,0,0,0,0,1,0,1,1,1,0,1]
0.0104167
[0,1,0,0,0,1,0,1,1,1,0,1]
0.00488281
[1,1,0,0,0,1,0,1,1,1,0,1]
0.00585938
[0,0,1,0,0,1,0,1,1,1,0,1]
0.00231481
[1,0,1,0,0,1,0,1,1,1,0,1]
0.00347222
[0,1,1,0,0,1,0,1,1,1,0,1]
0.00130208
[1,1,1,0,0,1,0,1,1,1,0,1]
0.00195313
[0,0,0,1,0,1,0,1,1,1,0,1]
0.00694444
[1,0,0,1,0,1,0,1,1,1,0,1]
0.0078125
[0,1,0,1,0,1,0,1,1,1,0,1]
0.00390625
[1,1,0,1,0,1,0,1,1,1,0,1]
0.00439453
[0,0,0,0,1,1,0,1,1,1,0,1]
0.0277778
[1,0,0,0,1,1,0,1,1,1,0,1]
0.0243056
[0,1,0,0,1,1,0,1,1,1,0,1]
0.0208333
[1,1,0,0,1,1,0,1,1,1,0,1]
0.0182292
[0,0,1,0,1,1,0,1,1,1,0,1]
0.0138889
[1,0,1,0,1,1,0,1,1,1,0,1]
0.015625
[0,1,1,0,1,1,0,1,1,1,0,1]
0.0104167
[1,1,1,0,1,1,0,1,1,1,0,1]
0.0117188
[0,0,0,1,1,1,0,1,1,1,0,1]
0.0185185
[1,0,0,1,1,1,0,1,1,1,0,1]
0.0138889
[0,1,0,1,1,1,0,1,1,1,0,1]
0.0138889
[1,1,0,1,1,1,0,1,1,1,0,1]
0.0104167
[0,0,0,0,1,0,0,0,1,0,1,1]
0.0277778
[1,0,0,0,1,0,0,0,1,0,1,1]
0.0189043
[0,1,0,0,1,0,0,0,1,0,1,1]
0.0182292
[1,1,0,0,1,0,0,0,1,0,1,1]
0.0121528
[0,0,1,0,1,0,0,0,1,0,1,1]
0.0138889
[1,0,1,0,1,0,0,0,1,0,1,1]
0.0121528
[0,1,1,0,1,0,0,0,1,0,1,1]
0.00911458
[1,1,1,0,1,0,0,0,1,0,1,1]
0.0078125
[0,0,0,1,1,0,0,0,1,0,1,1]
0.0185185
[1,0,0,1,1,0,0,0,1,0,1,1]
0.0108025
[0,1,0,1,1,0,0,0,1,0,1,1]
0.0121528
[1,1,0,1,1,0,0,0,1,0,1,1]
0.00694444
[0,0,0,0,1,1,0,0,1,0,1,1]
0.0555556
[1,0,0,0,1,1,0,0,1,0,1,1]
0.056713
[0,1,0,0,1,1,0,0,1,0,1,1]
0.0364583
[1,1,0,0,1,1,0,0,1,0,1,1]
0.0364583
[0,0,1,0,1,1,0,0,1,0,1,1]
0.0277778
[1,0,1,0,1,1,0,0,1,0,1,1]
0.0364583
[0,1,1,0,1,1,0,0,1,0,1,1]
0.0182292
[1,1,1,0,1,1,0,0,1,0,1,1]
0.0234375
[0,0,0,1,1,1,0,0,1,0,1,1]
0.037037
[1,0,0,1,1,1,0,0,1,0,1,1]
0.0324074
[0,1,0,1,1,1,0,0,1,0,1,1]
0.0243056
[1,1,0,1,1,1,0,0,1,0,1,1]
0.0208333
[0,0,0,0,1,0,1,0,1,0,1,1]
0.0138889
[1,0,0,0,1,0,1,0,1,0,1,1]
0.0108025
[0,1,0,0,1,0,1,0,1,0,1,1]
0.0078125
[1,1,0,0,1,0,1,0,1,0,1,1]
0.00607639
[0,0,1,0,1,0,1,0,1,0,1,1]
0.00694444
[1,0,1,0,1,0,1,0,1,0,1,1]
0.00694444
[0,1,1,0,1,0,1,0,1,0,1,1]
0.00390625
[1,1,1,0,1,0,1,0,1,0,1,1]
0.00390625
[0,0,0,1,1,0,1,0,1,0,1,1]
0.00925926
[1,0,0,1,1,0,1,0,1,0,1,1]
0.00617284
[0,1,0,1,1,0,1,0,1,0,1,1]
0.00520833
[1,1,0,1,1,0,1,0,1,0,1,1]
0.00347222
[0,0,0,0,1,1,1,0,1,0,1,1]
0.0277778
[1,0,0,0,1,1,1,0,1,0,1,1]
0.0324074
[0,1,0,0,1,1,1,0,1,0,1,1]
0.015625
[1,1,0,0,1,1,1,0,1,0,1,1]
0.0182292
[0,0,1,0,1,1,1,0,1,0,1,1]
0.0138889
[1,0,1,0,1,1,1,0,1,0,1,1]
0.0208333
[0,1,1,0,1,1,1,0,1,0,1,1]
0.0078125
[1,1,1,0,1,1,1,0,1,0,1,1]
0.0117188
[0,0,0,1,1,1,1,0,1,0,1,1]
0.0185185
[1,0,0,1,1,1,1,0,1,0,1,1]
0.0185185
[0,1,0,1,1,1,1,0,1,0,1,1]
0.0104167
[1,1,0,1,1,1,1,0,1,0,1,1]
0.0104167
[0,0,0,0,1,0,0,1,1,0,1,1]
0.0138889
[1,0,0,0,1,0,0,1,1,0,1,1]
0.00810185
[0,1,0,0,1,0,0,1,1,0,1,1]
0.0104167
[1,1,0,0,1,0,0,1,1,0,1,1]
0.00607639
[0,0,1,0,1,0,0,1,1,0,1,1]
0.00694444
[1,0,1,0,1,0,0,1,1,0,1,1]
0.00520833
[0,1,1,0,1,0,0,1,1,0,1,1]
0.00520833
[1,1,1,0,1,0,0,1,1,0,1,1]
0.00390625
[0,0,0,1,1,0,0,1,1,0,1,1]
0.00925926
[1,0,0,1,1,0,0,1,1,0,1,1]
0.00462963
[0,1,0,1,1,0,0,1,1,0,1,1]
0.00694444
[1,1,0,1,1,0,0,1,1,0,1,1]
0.00347222
[0,0,0,0,1,1,0,1,1,0,1,1]
0.0277778
[1,0,0,0,1,1,0,1,1,0,1,1]
0.0243056
[0,1,0,0,1,1,0,1,1,0,1,1]
0.0208333
[1,1,0,0,1,1,0,1,1,0,1,1]
0.0182292
[0,0,1,0,1,1,0,1,1,0,1,1]
0.0138889
[1,0,1,0,1,1,0,1,1,0,1,1]
0.015625
[0,1,1,0,1,1,0,1,1,0,1,1]
0.0104167
[1,1,1,0,1,1,0,1,1,0,1,1]
0.0117188
[0,0,0,1,1,1,0,1,1,0,1,1]
0.0185185
[1,0,0,1,1,1,0,1,1,0,1,1]
0.0138889
[0,1,0,1,1,1,0,1,1,0,1,1]
0.0138889
[1,1,0,1,1,1,0,1,1,0,1,1]
0.0104167
[1,0,0,0,1,0,0,0,0,1,1,1]
0.000506366
[0,1,0,0,1,0,0,0,0,1,1,1]
0.00146484
[1,1,0,0,1,0,0,0,0,1,1,1]
0.0015191
[1,0,1,0,1,0,0,0,0,1,1,1]
3.6169e-005
[0,1,1,0,1,0,0,0,0,1,1,1]
0.000244141
[1,1,1,0,1,0,0,0,0,1,1,1]
0.000244141
[1,0,0,1,1,0,0,0,0,1,1,1]
0.000289352
[0,1,0,1,1,0,0,0,0,1,1,1]
0.00101273
[1,1,0,1,1,0,0,0,0,1,1,1]
0.000892168
[1,0,0,0,1,1,0,0,0,1,1,1]
0.0015191
[0,1,0,0,1,1,0,0,0,1,1,1]
0.00292969
[1,1,0,0,1,1,0,0,0,1,1,1]
0.00455729
[1,0,1,0,1,1,0,0,0,1,1,1]
0.000253183
[0,1,1,0,1,1,0,0,0,1,1,1]
0.000488281
[1,1,1,0,1,1,0,0,0,1,1,1]
0.000732422
[1,0,0,1,1,1,0,0,0,1,1,1]
0.000868056
[0,1,0,1,1,1,0,0,0,1,1,1]
0.00202546
[1,1,0,1,1,1,0,0,0,1,1,1]
0.0026765
[0,1,0,0,1,0,1,0,0,1,1,1]
0.000976562
[1,1,0,0,1,0,1,0,0,1,1,1]
0.000759549
[0,1,1,0,1,0,1,0,0,1,1,1]
0.000244141
[1,1,1,0,1,0,1,0,0,1,1,1]
0.000244141
[0,1,0,1,1,0,1,0,0,1,1,1]
0.000578704
[1,1,0,1,1,0,1,0,0,1,1,1]
0.000385802
[0,1,0,0,1,1,1,0,0,1,1,1]
0.00195313
[1,1,0,0,1,1,1,0,0,1,1,1]
0.00227865
[0,1,1,0,1,1,1,0,0,1,1,1]
0.000488281
[1,1,1,0,1,1,1,0,0,1,1,1]
0.000732422
[0,1,0,1,1,1,1,0,0,1,1,1]
0.00115741
[1,1,0,1,1,1,1,0,0,1,1,1]
0.00115741
[1,0,0,0,1,0,0,1,0,1,1,1]
0.000506366
[0,1,0,0,1,0,0,1,0,1,1,1]
0.000488281
[1,1,0,0,1,0,0,1,0,1,1,1]
0.000759549
[1,0,0,1,1,0,0,1,0,1,1,1]
0.000289352
[0,1,0,1,1,0,0,1,0,1,1,1]
0.000434028
[1,1,0,1,1,0,0,1,0,1,1,1]
0.000506366
[1,0,0,0,1,1,0,1,0,1,1,1]
0.0015191
[0,1,0,0,1,1,0,1,0,1,1,1]
0.000976562
[1,1,0,0,1,1,0,1,0,1,1,1]
0.00227865
[1,0,0,1,1,1,0,1,0,1,1,1]
0.000868056
[0,1,0,1,1,1,0,1,0,1,1,1]
0.000868056
[1,1,0,1,1,1,0,1,0,1,1,1]
0.0015191
[0,0,0,0,1,0,0,0,1,1,1,1]
0.0277778
[1,0,0,0,1,0,0,0,1,1,1,1]
0.0189043
[0,1,0,0,1,0,0,0,1,1,1,1]
0.0182292
[1,1,0,0,1,0,0,0,1,1,1,1]
0.0121528
[0,0,1,0,1,0,0,0,1,1,1,1]
0.0138889
[1,0,1,0,1,0,0,0,1,1,1,1]
0.0121528
[0,1,1,0,1,0,0,0,1,1,1,1]
0.00911458
[1,1,1,0,1,0,0,0,1,1,1,1]
0.0078125
[0,0,0,1,1,0,0,0,1,1,1,1]
0.0185185
[1,0,0,1,1,0,0,0,1,1,1,1]
0.0108025
[0,1,0,1,1,0,0,0,1,1,1,1]
0.0121528
[1,1,0,1,1,0,0,0,1,1,1,1]
0.00694444
[0,0,0,0,1,1,0,0,1,1,1,1]
0.0555556
[1,0,0,0,1,1,0,0,1,1,1,1]
0.056713
[0,1,0,0,1,1,0,0,1,1,1,1]
0.0364583
[1,1,0,0,1,1,0,0,1,1,1,1]
0.0364583
[0,0,1,0,1,1,0,0,1,1,1,1]
0.0277778
[1,0,1,0,1,1,0,0,1,1,1,1]
0.0364583
[0,1,1,0,1,1,0,0,1,1,1,1]
0.0182292
[1,1,1,0,1,1,0,0,1,1,1,1]
0.0234375
[0,0,0,1,1,1,0,0,1,1,1,1]
0.037037
[1,0,0,1,1,1,0,0,1,1,1,1]
0.0324074
[0,1,0,1,1,1,0,0,1,1,1,1]
0.0243056
[1,1,0,1,1,1,0,0,1,1,1,1]
0.0208333
[0,0,0,0,1,0,1,0,1,1,1,1]
0.0138889
[1,0,0,0,1,0,1,0,1,1,1,1]
0.0108025
[0,1,0,0,1,0,1,0,1,1,1,1]
0.0078125
[1,1,0,0,1,0,1,0,1,1,1,1]
0.00607639
[0,0,1,0,1,0,1,0,1,1,1,1]
0.00694444
[1,0,1,0,1,0,1,0,1,1,1,1]
0.00694444
[0,1,1,0,1,0,1,0,1,1,1,1]
0.00390625
[1,1,1,0,1,0,1,0,1,1,1,1]
0.00390625
[0,0,0,1,1,0,1,0,1,1,1,1]
0.00925926
[1,0,0,1,1,0,1,0,1,1,1,1]
0.00617284
[0,1,0,1,1,0,1,0,1,1,1,1]
0.00520833
[1,1,0,1,1,0,1,0,1,1,1,1]
0.00347222
[0,0,0,0,1,1,1,0,1,1,1,1]
0.0277778
[1,0,0,0,1,1,1,0,1,1,1,1]
0.0324074
[0,1,0,0,1,1,1,0,1,1,1,1]
0.015625
[1,1,0,0,1,1,1,0,1,1,1,1]
0.0182292
[0,0,1,0,1,1,1,0,1,1,1,1]
0.0138889
[1,0,1,0,1,1,1,0,1,1,1,1]
0.0208333
[0,1,1,0,1,1,1,0,1,1,1,1]
0.0078125
[1,1,1,0,1,1,1,0,1,1,1,1]
0.0117188
[0,0,0,1,1,1,1,0,1,1,1,1]
0.0185185
[1,0,0,1,1,1,1,0,1,1,1,1]
0.0185185
[0,1,0,1,1,1,1,0,1,1,1,1]
0.0104167
[1,1,0,1,1,1,1,0,1,1,1,1]
0.0104167
[0,0,0,0,1,0,0,1,1,1,1,1]
0.0138889
[1,0,0,0,1,0,0,1,1,1,1,1]
0.00810185
[0,1,0,0,1,0,0,1,1,1,1,1]
0.0104167
[1,1,0,0,1,0,0,1,1,1,1,1]
0.00607639
[0,0,1,0,1,0,0,1,1,1,1,1]
0.00694444
[1,0,1,0,1,0,0,1,1,1,1,1]
0.00520833
[0,1,1,0,1,0,0,1,1,1,1,1]
0.00520833
[1,1,1,0,1,0,0,1,1,1,1,1]
0.00390625
[0,0,0,1,1,0,0,1,1,1,1,1]
0.00925926
[1,0,0,1,1,0,0,1,1,1,1,1]
0.00462963
[0,1,0,1,1,0,0,1,1,1,1,1]
0.00694444
[1,1,0,1,1,0,0,1,1,1,1,1]
0.00347222
[0,0,0,0,1,1,0,1,1,1,1,1]
0.0277778
[1,0,0,0,1,1,0,1,1,1,1,1]
0.0243056
[0,1,0,0,1,1,0,1,1,1,1,1]
0.0208333
[1,1,0,0,1,1,0,1,1,1,1,1]
0.0182292
[0,0,1,0,1,1,0,1,1,1,1,1]
0.0138889
[1,0,1,0,1,1,0,1,1,1,1,1]
0.015625
[0,1,1,0,1,1,0,1,1,1,1,1]
0.0104167
[1,1,1,0,1,1,0,1,1,1,1,1]
0.0117188
[0,0,0,1,1,1,0,1,1,1,1,1]
0.0185185
[1,0,0,1,1,1,0,1,1,1,1,1]
0.0138889
[0,1,0,1,1,1,0,1,1,1,1,1]
0.0138889
[1,1,0,1,1,1,0,1,1,1,1,1]
0.0104167
